

        chiN                           fHelmholtz              error          cell params
++++++++++++++++++++++++++++++++++++++++++++++++++++++++++++++++++++++++++++++++++++++++++++++++++++++++
     1.5900000000e+01               2.54525784609726e+00     4.186904e-11     1.54458046e+00
     1.5780000000e+01               2.53032332055856e+00     1.281164e-11     1.54091628e+00
     1.5636000000e+01               2.51219920872611e+00     2.987298e-12     1.53646787e+00
     1.5463200000e+01               2.49014912320434e+00     3.765255e-11     1.53105365e+00
     1.5255840000e+01               2.46323844305463e+00     4.171817e-11     1.52444319e+00
     1.5007008000e+01               2.43026563302105e+00     9.807358e-11     1.51634038e+00
     1.5000000000e+01               2.42932587830672e+00     1.810231e-11     1.51610940e+00

        chiN                           fHelmholtz              error          cell params
++++++++++++++++++++++++++++++++++++++++++++++++++++++++++++++++++++++++++++++++++++++++++++++++++++++++
     1.5100000000e+01               2.44267724588340e+00     3.001610e-11     1.51939078e+00
     1.5220000000e+01               2.45853583936692e+00     8.666702e-11     1.52328776e+00
     1.5364000000e+01               2.47733775056979e+00     1.084453e-11     1.52790695e+00
     1.5536800000e+01               2.49958170142489e+00     9.913802e-12     1.53337002e+00
     1.5744160000e+01               2.52583332739640e+00     4.215590e-11     1.53981442e+00
     1.5992992000e+01               2.55672814805428e+00     4.221233e-12     1.54739376e+00
     1.6000000000e+01               2.55758897762354e+00     2.777551e-11     1.54760486e+00



        chiN                           fHelmholtz              error          cell params
++++++++++++++++++++++++++++++++++++++++++++++++++++++++++++++++++++++++++++++++++++++++++++++++++++++++

        chiN                           fHelmholtz              error          cell params
++++++++++++++++++++++++++++++++++++++++++++++++++++++++++++++++++++++++++++++++++++++++++++++++++++++++
