
          chiN                fHelmholtz              error          cell param1          cell param2          cell param3
-----------------------------------------------------------------------------------------------------------------------------------

     3.4500000000e+01     4.95189096247646e+00     7.850334e-08     1.34557795e+01
     3.3950000000e+01     4.92551824841927e+00     6.313987e-08     1.34125972e+01
     3.3345000000e+01     4.89574673520627e+00     7.761805e-08     1.33639009e+01
     3.2679500000e+01     4.86202742084069e+00     8.947843e-08     1.33088038e+01
     3.1947450000e+01     4.82369124783916e+00     6.065027e-08     1.32462241e+01
     3.1142195000e+01     4.77991333026952e+00     6.133338e-08     1.31748270e+01
     3.0256414500e+01     4.72966322477216e+00     7.932138e-08     1.30929449e+01
     2.9282055950e+01     4.67163436672170e+00     8.362901e-08     1.29984681e+01
     2.8282055950e+01     4.60879042446372e+00     8.044688e-08     1.28962491e+01
     2.7282055950e+01     4.54227124537416e+00     6.997240e-08     1.27881868e+01
     2.6282055950e+01     4.47167922009388e+00     3.995459e-08     1.26737223e+01
     2.5282055950e+01     4.39655678422058e+00     6.577034e-08     1.25522720e+01
     2.5000000000e+01     4.37447812208276e+00     5.192286e-08     1.25166719e+01
