
          chiN                fHelmholtz              error          cell param1          cell param2          cell param3
-----------------------------------------------------------------------------------------------------------------------------------

     2.2100000000e+01     3.52644975189726e+00     4.244966e-08     9.57330998e+00
     2.2215000000e+01     3.54113341522505e+00     5.998315e-08     9.55628379e+00
     2.2347250000e+01     3.55783165687178e+00     7.609668e-08     9.54221390e+00
     2.2499337500e+01     3.57679017570010e+00     8.884122e-08     9.53134440e+00
     2.2674238125e+01     3.59827731070621e+00     6.266711e-08     9.52398129e+00
     2.2875373844e+01     3.62258382515025e+00     8.191685e-08     9.52048491e+00
     2.3106679920e+01     3.65002190634571e+00     6.224091e-08     9.52126243e+00
     2.3372681908e+01     3.68092321157328e+00     9.889364e-08     9.52676216e+00
     2.3678584195e+01     3.71563570620447e+00     7.563112e-08     9.53746646e+00
     2.4030371824e+01     3.75451905568283e+00     5.991998e-08     9.55388365e+00
     2.4434927597e+01     3.79793845535511e+00     9.652609e-08     9.57653875e+00
     2.4900166737e+01     3.84625678122078e+00     7.410351e-08     9.60596267e+00
     2.5400166737e+01     3.89638075968728e+00     5.150988e-08     9.64020544e+00
     2.5900166737e+01     3.94475494277441e+00     8.088378e-08     9.67615177e+00
     2.6400166737e+01     3.99148968692826e+00     9.857424e-08     9.71311341e+00
     2.6900166737e+01     4.03668498698516e+00     8.393043e-08     9.75062013e+00
     2.7400166737e+01     4.08043201981358e+00     7.631780e-08     9.78834217e+00
     2.7900166737e+01     4.12281433303014e+00     7.607325e-08     9.82604359e+00
     2.8400166737e+01     4.16390879361881e+00     9.641259e-08     9.86355314e+00
     2.8900166737e+01     4.20378635593323e+00     8.761631e-08     9.90074505e+00
     2.9400166737e+01     4.24251269354859e+00     7.917706e-08     9.93752680e+00
     2.9900166737e+01     4.28014873999855e+00     6.791420e-08     9.97383003e+00
     3.0400166737e+01     4.31675115450044e+00     9.498681e-08     1.00096046e+01
     3.0900166737e+01     4.35237267706235e+00     7.841433e-08     1.00448137e+01
     3.1400166737e+01     4.38706254333724e+00     9.869190e-08     1.00794313e+01
     3.1900166737e+01     4.42086671392986e+00     7.993585e-08     1.01134393e+01
     3.2400166737e+01     4.45382820249006e+00     5.159048e-08     1.01468258e+01
     3.2900166737e+01     4.48598731607571e+00     5.236379e-08     1.01795840e+01
     3.3400166737e+01     4.51738179885350e+00     4.908754e-08     1.02117107e+01
     3.3900166737e+01     4.54804708994586e+00     4.586348e-08     1.02432057e+01
     3.4400166737e+01     4.57801648561743e+00     8.361350e-08     1.02740711e+01
     3.4900166737e+01     4.60732128087353e+00     9.052836e-08     1.03043110e+01
     3.5000000000e+01     4.61309546749262e+00     6.935334e-08     1.03102740e+01
