


          chiN                fHelmholtz              error          cell param1          cell param2          cell param3
-----------------------------------------------------------------------------------------------------------------------------------

     1.6000000000e+01     3.34098647364635e+00     9.209276e-08     1.11323993e+01
     1.6115000000e+01     3.36053013476799e+00     8.705535e-08     1.11416102e+01
     1.6247250000e+01     3.38270115155392e+00     8.011833e-08     1.11544534e+01
     1.6399337500e+01     3.40781132684597e+00     6.943227e-08     1.11715170e+01
     1.6574238125e+01     3.43619791430796e+00     9.715224e-08     1.11934424e+01
     1.6775373844e+01     3.46822237677607e+00     9.453994e-08     1.12209209e+01
     1.7006679920e+01     3.50426798721055e+00     9.211058e-08     1.12546868e+01
     1.7272681908e+01     3.54473605396153e+00     8.799941e-08     1.12955083e+01
     1.7578584195e+01     3.59004052624661e+00     7.808482e-08     1.13441721e+01
     1.7930371824e+01     3.64060084285074e+00     6.879736e-08     1.14014629e+01
     1.8334927597e+01     3.69683292063585e+00     8.961837e-08     1.14681357e+01
     1.8800166737e+01     3.75913842716166e+00     8.949640e-08     1.15448807e+01
     1.9300166737e+01     3.82348174872594e+00     7.602029e-08     1.16266019e+01
     1.9800166737e+01     3.88530931304389e+00     9.074279e-08     1.17069409e+01
     2.0300166737e+01     3.94480012170503e+00     8.563663e-08     1.17855123e+01
     2.0800166737e+01     4.00211471389777e+00     8.454744e-08     1.18620790e+01
     2.1300166737e+01     4.05739801504004e+00     8.362149e-08     1.19365008e+01
     2.1800166737e+01     4.11078143872293e+00     8.452893e-08     1.20087036e+01
     2.2300166737e+01     4.16238460880024e+00     6.797383e-08     1.20786585e+01
     2.2800166737e+01     4.21231677292996e+00     5.172270e-08     1.21463685e+01
     2.3300166737e+01     4.26067798022082e+00     6.236006e-08     1.22118586e+01
     2.3800166737e+01     4.30756008468091e+00     8.405979e-08     1.22751694e+01
     2.4300166737e+01     4.35304759301512e+00     8.685496e-08     1.23363522e+01
     2.4800166737e+01     4.39721843619858e+00     8.275962e-08     1.23954652e+01
     2.5300166737e+01     4.44014458656723e+00     7.926681e-08     1.24525714e+01
     2.5800166737e+01     4.48189264342194e+00     7.256202e-08     1.25077364e+01
     2.6300166737e+01     4.52252434425095e+00     9.210893e-08     1.25610273e+01
     2.6800166737e+01     4.56209697571147e+00     8.441569e-08     1.26125111e+01
     2.7300166737e+01     4.60066382007767e+00     7.465278e-08     1.26622544e+01
     2.7800166737e+01     4.63827447743554e+00     6.502638e-08     1.27103227e+01
     2.8300166737e+01     4.67497519313142e+00     6.088299e-08     1.27567801e+01
     2.8800166737e+01     4.71080913298229e+00     5.360544e-08     1.28016886e+01
     2.9300166737e+01     4.74581665623194e+00     4.965158e-08     1.28451083e+01
     2.9800166737e+01     4.78003553125611e+00     4.926562e-08     1.28870971e+01
     3.0300166737e+01     4.81350115231625e+00     5.052041e-08     1.29277109e+01
     3.0800166737e+01     4.84624672438286e+00     5.267613e-08     1.29670028e+01
     3.1300166737e+01     4.87830343706069e+00     7.077062e-08     1.30050243e+01
     3.1800166737e+01     4.90970059797723e+00     4.820336e-08     1.30418236e+01
     3.2300166737e+01     4.94046583020010e+00     5.256093e-08     1.30774480e+01
     3.2800166737e+01     4.97062512410704e+00     9.830304e-08     1.31119415e+01
     3.3300166737e+01     5.00020302243423e+00     9.583738e-08     1.31453469e+01
     3.3800166737e+01     5.02922267359453e+00     9.296590e-08     1.31777041e+01
     3.4300166737e+01     5.05770595919370e+00     8.880956e-08     1.32090516e+01
     3.4800166737e+01     5.08567357399034e+00     9.093067e-08     1.32394259e+01
     3.5000000000e+01     5.09671147902863e+00     9.369013e-08     1.32513012e+01
