
        chiN               fHelmholtz                 U                     SA                     SB              error      cell param1     cell param2     cell param3
------------------------------------------------------------------------------------------------------------------------------------------------------------------------------------------------

   1.5010000000e+01   3.15265839955141e+00   3.10848246591495e+00  -1.21512958656393e+00   1.25930552020040e+00   2.96e-09   9.62402377e+00
   1.5021000000e+01   3.15493711638245e+00   3.11308939290214e+00  -1.21835773671817e+00   1.26020546019848e+00   2.96e-08   9.62035943e+00
   1.5033100000e+01   3.15744560639655e+00   3.11796360286944e+00  -1.22172401200799e+00   1.26120601553510e+00   5.76e-08   9.61652961e+00
   1.5046410000e+01   3.16020706067091e+00   3.12312623459408e+00  -1.22523640335789e+00   1.26231722943472e+00   2.00e-08   9.61252767e+00
   1.5061051000e+01   3.16324702635494e+00   3.12859895868993e+00  -1.22890202658114e+00   1.26355009424614e+00   6.54e-08   9.60835246e+00
   1.5077156100e+01   3.16659361807641e+00   3.13440587884235e+00  -1.23272889587088e+00   1.26491663510495e+00   9.84e-08   9.60400213e+00
   1.5094871710e+01   3.17027778806894e+00   3.14057280543219e+00  -1.23672500633350e+00   1.26642998897024e+00   8.60e-08   9.59947783e+00
   1.5114358881e+01   3.17433360837391e+00   3.14712749397505e+00  -1.24089837892570e+00   1.26810449332456e+00   7.40e-08   9.59478781e+00
   1.5135794769e+01   3.17879857940120e+00   3.15409995022315e+00  -1.24525714953560e+00   1.26995577871364e+00   1.03e-08   9.58993926e+00
   1.5159374246e+01   3.18371397538354e+00   3.16152228421215e+00  -1.24980916090963e+00   1.27200085208103e+00   1.73e-08   9.58495053e+00
   1.5185311671e+01   3.18912521563039e+00   3.16942896271572e+00  -1.25456193867195e+00   1.27425819158662e+00   4.16e-09   9.57984776e+00
   1.5213842838e+01   3.19508227368774e+00   3.17785686508441e+00  -1.25952242330029e+00   1.27674783190363e+00   2.24e-08   9.57466850e+00
   1.5245227121e+01   3.20164012468642e+00   3.18684524426477e+00  -1.26469656036858e+00   1.27949144079023e+00   6.62e-08   9.56946519e+00
   1.5279749834e+01   3.20885923360942e+00   3.19643556245500e+00  -1.27008870393760e+00   1.28251237509202e+00   2.95e-08   9.56431131e+00
   1.5317724817e+01   3.21680608449746e+00   3.20667131398387e+00  -1.27570094906239e+00   1.28583571957599e+00   6.53e-08   9.55930764e+00
   1.5359497299e+01   3.22555375643386e+00   3.21759748044134e+00  -1.28153199547987e+00   1.28948827147239e+00   4.52e-08   9.55458893e+00
   1.5405447028e+01   3.23518254506247e+00   3.22925961697185e+00  -1.28757553003815e+00   1.29349845812877e+00   7.65e-08   9.55034447e+00
