
        chiN               fHelmholtz                 U                     SA                     SB              error      cell param1     cell param2     cell param3
------------------------------------------------------------------------------------------------------------------------------------------------------------------------------------------------

   1.6000000000e+01   3.36053854973330e+00   3.34234268398555e+00  -1.32315160597791e+00   1.34134747172566e+00   9.15e-08   1.06263902e+01

        chiN               fHelmholtz                 U                     SA                     SB              error      cell param1     cell param2     cell param3
------------------------------------------------------------------------------------------------------------------------------------------------------------------------------------------------
   4.0000000000e+01   5.19686793100422e+00   1.74178337452065e+00   8.33052554099959e-01   2.62203200238361e+00   5.65e-08   1.14971541e+01
   3.9500000000e+01   5.17584757154379e+00   1.74478535650731e+00   8.22629933090100e-01   2.60843228194638e+00   7.86e-08   1.14647909e+01
   3.9000000000e+01   5.15449467959591e+00   1.74805864993898e+00   8.11850060764443e-01   2.59458596889249e+00   7.57e-08   1.14318765e+01
   3.8500000000e+01   5.13279729517759e+00   1.75161471965406e+00   8.00698348425982e-01   2.58048422709755e+00   7.19e-08   1.13983905e+01
   3.8000000000e+01   5.11074283920518e+00   1.75546567093121e+00   7.89159382742057e-01   2.56611778553191e+00   6.70e-08   1.13643110e+01
   3.7500000000e+01   5.08831807230794e+00   1.75962429298190e+00   7.77216870150578e-01   2.55147690917546e+00   6.11e-08   1.13296152e+01
   3.7000000000e+01   5.06550904989834e+00   1.76410411124155e+00   7.64853568726400e-01   2.53655136993040e+00   5.44e-08   1.12942789e+01
   3.6500000000e+01   5.04230107343979e+00   1.76891944375216e+00   7.52051214293283e-01   2.52133041539435e+00   4.70e-08   1.12582767e+01
   3.6000000000e+01   5.01867863754781e+00   1.77408546185151e+00   7.38790440378076e-01   2.50580273531822e+00   3.92e-08   1.12215817e+01
   3.5500000000e+01   4.99462537250830e+00   1.77961825536131e+00   7.25050691583306e-01   2.48995642556369e+00   3.15e-08   1.11841656e+01
   3.5000000000e+01   4.97012398210230e+00   1.78553490089858e+00   7.10810132138650e-01   2.47377894906507e+00   8.32e-08   1.11459987e+01
   3.4500000000e+01   4.94515617415128e+00   1.79185354297594e+00   6.96045535756948e-01   2.45725709541840e+00   6.58e-08   1.11070493e+01
   3.4000000000e+01   4.91970258865099e+00   1.79859346376445e+00   6.80732190453909e-01   2.44037693443263e+00   8.17e-08   1.10672842e+01
   3.3500000000e+01   4.89374271480603e+00   1.80577517501337e+00   6.64843771741814e-01   2.42312376805085e+00   6.42e-08   1.10266684e+01
   3.3000000000e+01   4.86725480413623e+00   1.81342050557673e+00   6.48352218109818e-01   2.40548208044967e+00   4.76e-08   1.09851649e+01
   3.2500000000e+01   4.84021577386243e+00   1.82155269494584e+00   6.31227598165913e-01   2.38743548075067e+00   9.47e-08   1.09427345e+01
   3.2000000000e+01   4.81260110018768e+00   1.83019649754821e+00   6.13437959694904e-01   2.36896664294457e+00   9.65e-08   1.08993361e+01
   3.1500000000e+01   4.78438470469514e+00   1.83937828080069e+00   5.94949181474445e-01   2.35005724242001e+00   7.48e-08   1.08549261e+01
   3.1000000000e+01   4.75553882772733e+00   1.84912613665915e+00   5.75724804407751e-01   2.33068788666043e+00   6.09e-08   1.08094587e+01
   3.0500000000e+01   4.72603388986612e+00   1.85946999289318e+00   5.55725856004235e-01   2.31083804096871e+00   5.75e-08   1.07628855e+01
   3.0000000000e+01   4.69583834060517e+00   1.87044172750699e+00   5.34910664010375e-01   2.29048594908780e+00   5.08e-08   1.07151557e+01
   2.9500000000e+01   4.66491849224299e+00   1.88207528486860e+00   5.13234659151901e-01   2.26960854822249e+00   4.25e-08   1.06662156e+01
   2.9000000000e+01   4.63323833837977e+00   1.89440679005093e+00   4.90650169524184e-01   2.24818137880466e+00   8.99e-08   1.06160089e+01
   2.8500000000e+01   4.60075935055409e+00   1.90747467186552e+00   4.67106193764360e-01   2.22617848492422e+00   8.44e-08   1.05644763e+01
   2.8000000000e+01   4.56744026338622e+00   1.92131976236859e+00   4.42548184838506e-01   2.20357231617911e+00   9.11e-08   1.05115560e+01
   2.7500000000e+01   4.53323682935249e+00   1.93598541026601e+00   4.16917804022167e-01   2.18033361506431e+00   9.23e-08   1.04571829e+01
   2.7000000000e+01   4.49810155496253e+00   1.95151757320000e+00   3.90152677235066e-01   2.15643130452747e+00   8.93e-08   1.04012894e+01
   2.6500000000e+01   4.46198340852278e+00   1.96796490032145e+00   3.62186140267428e-01   2.13183236793391e+00   7.88e-08   1.03438050e+01
   2.6000000000e+01   4.42482749942608e+00   1.98537879586279e+00   3.32946977819877e-01   2.10650172574341e+00   6.31e-08   1.02846569e+01
   2.5500000000e+01   4.38657472519092e+00   2.00381345959545e+00   3.02359156006933e-01   2.08040210958855e+00   5.73e-08   1.02237698e+01
   2.5000000000e+01   4.34716138241420e+00   2.02332589833318e+00   2.70341549577364e-01   2.05349393450366e+00   4.14e-08   1.01610668e+01
   2.4500000000e+01   4.30651874034474e+00   2.04397589943112e+00   2.36807664205057e-01   2.02573517670856e+00   2.58e-08   1.00964701e+01
   2.4000000000e+01   4.26457256984722e+00   2.06582596295073e+00   2.01665350273828e-01   1.99708125662266e+00   1.72e-08   1.00299013e+01
   2.3500000000e+01   4.22124262686619e+00   2.08894118417178e+00   1.64816503437554e-01   1.96748493925685e+00   9.89e-08   9.96128346e+00
   2.3000000000e+01   4.17644207563037e+00   2.11338907988601e+00   1.26156750120909e-01   1.93689624562345e+00   5.79e-08   9.89054220e+00
   2.2500000000e+01   4.13007686964779e+00   2.13923936697137e+00   8.55750760134157e-02   1.90526242666300e+00   2.08e-08   9.81760842e+00
   2.2000000000e+01   4.08204505147697e+00   2.16656369714728e+00   4.29533898683085e-02   1.87252796446139e+00   5.45e-08   9.74242129e+00
   2.1500000000e+01   4.03223598236759e+00   2.19543537431082e+00  -1.83405122971680e-03   1.83863465928650e+00   8.60e-08   9.66493255e+00
   2.1000000000e+01   3.98052949119649e+00   2.22592913266278e+00  -4.89214736912753e-02   1.80352183222499e+00   4.35e-08   9.58511236e+00
   2.0500000000e+01   3.92679492827370e+00   2.25812111559130e+00  -9.84528767351918e-02   1.76712668941759e+00   7.15e-08   9.50295726e+00
   2.0000000000e+01   3.87089007725022e+00   2.29208926538111e+00  -1.50584065323674e-01   1.72938487719278e+00   4.12e-08   9.41850100e+00

        chiN               fHelmholtz                 U                     SA                     SB              error      cell param1     cell param2     cell param3
------------------------------------------------------------------------------------------------------------------------------------------------------------------------------------------------

   2.4500000000e+01   4.30651874004609e+00   2.04397589597797e+00   2.36807667666330e-01   2.02573517640179e+00   5.87e-08   1.00964701e+01
   2.4000000000e+01   4.26457256984722e+00   2.06582596295083e+00   2.01665350273763e-01   1.99708125662264e+00   1.72e-08   1.00299013e+01
   2.3500000000e+01   4.22124262686622e+00   2.08894118417181e+00   1.64816503437530e-01   1.96748493925688e+00   9.89e-08   9.96128346e+00
   2.3000000000e+01   4.17644207563037e+00   2.11338907988603e+00   1.26156750120892e-01   1.93689624562345e+00   5.79e-08   9.89054220e+00
   2.2500000000e+01   4.13007686964781e+00   2.13923936697138e+00   8.55750760134015e-02   1.90526242666303e+00   2.08e-08   9.81760842e+00
   2.2000000000e+01   4.08204505147696e+00   2.16656369714721e+00   4.29533898683483e-02   1.87252796446140e+00   5.45e-08   9.74242129e+00
   2.1500000000e+01   4.03223598236762e+00   2.19543537431087e+00  -1.83405122974878e-03   1.83863465928650e+00   8.60e-08   9.66493255e+00
   2.1000000000e+01   3.98052949119647e+00   2.22592913266274e+00  -4.89214736912362e-02   1.80352183222497e+00   4.35e-08   9.58511236e+00
   2.0500000000e+01   3.92679492827370e+00   2.25812111559127e+00  -9.84528767351684e-02   1.76712668941760e+00   7.15e-08   9.50295726e+00
   2.0000000000e+01   3.87089007725021e+00   2.29208926538107e+00  -1.50584065323647e-01   1.72938487719279e+00   4.12e-08   9.41850100e+00
   1.9500000000e+01   3.81265994126185e+00   2.32791472556022e+00  -2.05486155754447e-01   1.69023137145607e+00   8.37e-08   9.33182997e+00
   1.9000000000e+01   3.75193527088844e+00   2.36568503531750e+00  -2.63351487167571e-01   1.64960172273851e+00   8.20e-08   9.24310472e+00
   1.8500000000e+01   3.68853081305810e+00   2.40550122350910e+00  -3.24404280523740e-01   1.60743387007274e+00   8.94e-08   9.15259189e+00
   1.8000000000e+01   3.62224299762703e+00   2.44749238707914e+00  -3.88919989084118e-01   1.56367059963202e+00   8.49e-08   9.06071237e+00
   1.7500000000e+01   3.55284669816985e+00   2.49184612284099e+00  -4.57262238182250e-01   1.51826281351111e+00   9.00e-08   8.96811850e+00
   1.7000000000e+01   3.48009020460065e+00   2.53887421963028e+00  -5.29957583942080e-01   1.47117356891245e+00   7.48e-08   8.87582667e+00
   1.6500000000e+01   3.40368635732341e+00   2.58916468788478e+00  -6.07860507281889e-01   1.42238217672053e+00   8.74e-08   8.78546893e+00
   1.6000000000e+01   3.32329450859936e+00   2.64398128561948e+00  -6.92571507820166e-01   1.37188473080005e+00   3.37e-08   8.69984304e+00
   1.5500000000e+01   3.23847559271753e+00   2.70658171487570e+00  -7.87777621224514e-01   1.31967149906635e+00   9.77e-08   8.62441767e+00
   1.5000000000e+01   3.14853234135419e+00   2.78943886567596e+00  -9.06416964317188e-01   1.26551043999542e+00   4.80e-08   8.57374926e+00
