
        chiN               fHelmholtz                 U                     SJ                     SA                     SB              error      cell param1     cell param2     cell param3
------------------------------------------------------------------------------------------------------------------------------------------------------------------------------------------------
   3.0000000000e+01   4.71468205683128e+00   1.80074438882838e+00  -6.26674585825801e-01  -3.79192575729151e-01  -1.90808110762529e+00   8.81e-08   1.30685460e+01
   3.0100000000e+01   4.72054860398074e+00   1.79763170311858e+00  -6.30434204307566e-01  -3.82598810404635e-01  -1.90989464796879e+00   9.50e-08   1.30780998e+01
   3.0210000000e+01   4.72696632730400e+00   1.79423916319912e+00  -6.34555662745901e-01  -3.86313988246467e-01  -1.91186844789913e+00   4.91e-08   1.30885522e+01
   3.0331000000e+01   4.73398333665062e+00   1.79054501232591e+00  -6.39072119361082e-01  -3.90362799104962e-01  -1.91401452581488e+00   5.17e-08   1.30999818e+01
   3.0464100000e+01   4.74165122641841e+00   1.78652651480635e+00  -6.44019399295296e-01  -3.94771243218357e-01  -1.91634538581533e+00   5.90e-08   1.31124730e+01
   3.0610510000e+01   4.75002517958137e+00   1.78216006972164e+00  -6.49436118440816e-01  -3.99566552633867e-01  -1.91887396255699e+00   7.04e-08   1.31261162e+01
   3.0771561000e+01   4.75916405353399e+00   1.77742137788873e+00  -6.55363792552306e-01  -4.04777081984812e-01  -1.92161353997257e+00   8.58e-08   1.31410078e+01
   3.0948717100e+01   4.76913043075561e+00   1.77228566335448e+00  -6.61846920448308e-01  -4.10432152441188e-01  -1.92457765292752e+00   8.93e-08   1.31572504e+01
   3.1000000000e+01   4.77199879594942e+00   1.77081384316523e+00  -6.63716330196939e-01  -4.12054414822323e-01  -1.92542622613599e+00   8.14e-08   1.31619256e+01

        chiN               fHelmholtz                 U                     SA                     SB              error      cell param1     cell param2     cell param3
------------------------------------------------------------------------------------------------------------------------------------------------------------------------------------------------
   3.0000000000e+01   4.71468205683128e+00   1.80074438882838e+00   7.43925736242144e-01   2.17001193394963e+00   2.69e-08   1.30685461e+01
   3.0100000000e+01   4.72054860398074e+00   1.79763170311858e+00   7.49421649601165e-01   2.17349525126100e+00   9.50e-08   1.30780998e+01
   3.0210000000e+01   4.72696632730400e+00   1.79423916319912e+00   7.55422800421756e-01   2.17730436368312e+00   4.91e-08   1.30885522e+01
   3.0331000000e+01   4.73398333665062e+00   1.79054501232591e+00   7.61970910516616e-01   2.18146741380809e+00   5.17e-08   1.30999818e+01
   3.0464100000e+01   4.74165122641841e+00   1.78652651480635e+00   7.69110213763671e-01   2.18601449784839e+00   5.90e-08   1.31124730e+01
   3.0610510000e+01   4.75002517958137e+00   1.78216006972164e+00   7.76887380480796e-01   2.19097772937893e+00   7.04e-08   1.31261162e+01
   3.0771561000e+01   4.75916405353399e+00   1.77742137788873e+00   7.85351412275285e-01   2.19639126336998e+00   8.58e-08   1.31410078e+01
   3.0948717100e+01   4.76913043075561e+00   1.77228566335448e+00   7.94553467374966e-01   2.20229130002617e+00   8.93e-08   1.31572504e+01
   3.1000000000e+01   4.77199879594942e+00   1.77081384316523e+00   7.97196314322822e-01   2.20398863846137e+00   8.14e-08   1.31619256e+01
