System{
  DPDdiblock{
     nMonomer  2
     monomers  0   A   2.0  
               1   B   1.0    
     nBlock    2
     blocks    0   0   2
               1   1   8
     N	       10
     sigma      0.89442719099992
     kpN        157.07963267948966
     chiN       25.0
  }
unitCell cubic   8.03311647317
mesh  	 128   128  128
groupName F_m_-3_m
  AmIterator{
   maxItr 500
   epsilon 1e-10
   maxHist 50
   isFlexible 1
  }
}
          eps                 fHelmholtz              error          cell param1          cell param2          cell param3
-----------------------------------------------------------------------------------------------------------------------------------

     2.0500000000e+00     3.85136455204533e+00     2.878745e-11     8.10853933e+00
     2.1025000000e+00     3.85389937433399e+00     7.675289e-12     8.18992848e+00
     2.1576250000e+00     3.85661531970335e+00     2.687664e-13     8.27471664e+00
     2.2155062500e+00     3.85951388287667e+00     2.512712e-11     8.36300258e+00
     2.2762815625e+00     3.86259520176054e+00     2.856724e-12     8.45488060e+00
     2.3400956406e+00     3.86585788911525e+00     5.993457e-11     8.55043896e+00
     2.4071004227e+00     3.86929886276357e+00     8.187152e-11     8.64975802e+00
     2.4774554438e+00     3.87291317669587e+00     9.178086e-11     8.75290799e+00
     2.5513282160e+00     3.87669385641797e+00     2.367133e-11     8.85994623e+00
     2.6288946268e+00     3.88063174190878e+00     6.322568e-11     8.97091398e+00
     2.7103393581e+00     3.88471534107346e+00     5.985659e-11     9.08583220e+00
     2.7958563260e+00     3.88893069869268e+00     6.313277e-11     9.20469659e+00
     2.8856491423e+00     3.89326128222275e+00     7.188427e-11     9.32747097e+00
     2.9799315994e+00     3.89768788883776e+00     6.465355e-11     9.45407905e+00
     3.0789281794e+00     3.90218857352131e+00     5.948423e-11     9.58439342e+00
     3.1828745884e+00     3.90673859691518e+00     9.513403e-11     9.71822124e+00
     3.2920183178e+00     3.91131038622315e+00     4.709444e-11     9.85528477e+00
     3.4066192337e+00     3.91587349508946e+00     3.469335e-11     9.99519506e+00
     3.5269501954e+00     3.92039453593070e+00     9.347663e-11     1.01374155e+01
     3.6532977051e+00     3.92483703608541e+00     4.406593e-11     1.02812103e+01
     3.7859625904e+00     3.92916113438619e+00     5.198907e-11     1.04255711e+01
     3.9252607199e+00     3.93332297123392e+00     9.245360e-11     1.05691088e+01
     4.0000000000e+00     3.93539547157477e+00     4.839366e-11     1.06423986e+01

          eps                 fHelmholtz              error          cell param1          cell param2          cell param3
-----------------------------------------------------------------------------------------------------------------------------------

     1.9500000000e+00     3.84671919647997e+00     5.072359e-11     7.95179008e+00
     1.8975000000e+00     3.84440137493418e+00     4.550153e-13     7.86858925e+00
     1.8423750000e+00     3.84207827722278e+00     5.582240e-11     7.78055005e+00
     1.7844937500e+00     3.83978161463999e+00     2.963025e-11     7.68735218e+00
     1.7237184375e+00     3.83755367624961e+00     5.870246e-11     7.58864563e+00
     1.6599043594e+00     3.83545055436693e+00     1.439258e-11     7.48404518e+00
     1.5928995773e+00     3.83354644011553e+00     6.382513e-11     7.37312345e+00
     1.5225445562e+00     3.83193940006349e+00     1.019966e-11     7.25540193e+00
     1.4486717840e+00     3.83075923503131e+00     3.456399e-12     7.13034024e+00
     1.3711053732e+00     3.83017831215633e+00     3.102732e-11     6.99732426e+00
     1.2896606419e+00     3.83042671187423e+00     7.158173e-11     6.85565612e+00
     1.2041436740e+00     3.83181371381619e+00     6.686016e-11     6.70455381e+00
     1.1143508577e+00     3.83475861848630e+00     7.457104e-11     6.54317899e+00
     1.0200684006e+00     3.83983501525751e+00     9.691284e-11     6.37073501e+00
     1.0000000000e+00     3.84121776560760e+00     1.647559e-12     6.33365442e+00



System{
  DPDdiblock{
     nMonomer  2
     monomers  0   A   4.0  
               1   B   1.0    
     nBlock    2
     blocks    0   0   3
               1   1   7
     N	       10
     sigma      0.89442719099992
     kpN        157.07963267948966
     chiN       26.0
  }
unitCell cubic   8.03311647317
mesh  	 48  48  48
groupName F_m_-3_m
  AmIterator{
   maxItr 500
   epsilon 1e-7
   maxHist 50
   isFlexible 1
  }
}


          eps                 fHelmholtz              error          cell param1          cell param2          cell param3
-----------------------------------------------------------------------------------------------------------------------------------


          eps                 fHelmholtz              error          cell param1          cell param2          cell param3
-----------------------------------------------------------------------------------------------------------------------------------

     3.9500000000e+00     4.75575983951962e+00     1.692539e-08     1.41322582e+01
     3.8975000000e+00     4.75078896124845e+00     8.614307e-08     1.40254873e+01
     3.8423750000e+00     4.74552004593103e+00     1.924174e-08     1.39133733e+01
     3.7844937500e+00     4.73993360137531e+00     8.673221e-08     1.37956391e+01
     3.7237184375e+00     4.73400888693509e+00     2.125182e-08     1.36719900e+01
     3.6599043594e+00     4.72772375839194e+00     4.655465e-08     1.35421128e+01
     3.5928995773e+00     4.72105495696686e+00     3.502435e-08     1.34056772e+01
     3.5225445562e+00     4.71397779075917e+00     5.423698e-09     1.32623246e+01
     3.4486717840e+00     4.70646654073166e+00     8.315092e-08     1.31116748e+01
     3.3711053732e+00     4.69849453649471e+00     6.027561e-08     1.29533178e+01
     3.2896606419e+00     4.69003433167737e+00     6.126848e-08     1.27868105e+01
     3.2041436740e+00     4.68105845847114e+00     3.871094e-08     1.26116705e+01
     3.1143508577e+00     4.67153993032434e+00     2.466604e-08     1.24273720e+01
     3.0200684006e+00     4.66145352265280e+00     8.103546e-08     1.22333325e+01
     2.9210718206e+00     4.65077721770611e+00     6.548158e-08     1.20289004e+01
     2.8171254116e+00     4.63949507107308e+00     1.702841e-09     1.18133463e+01
     2.7079816822e+00     4.62760049449103e+00     9.519222e-08     1.15858335e+01

          eps                 fHelmholtz              error          cell param1          cell param2          cell param3
-----------------------------------------------------------------------------------------------------------------------------------

