 format  1  0
dim                                     
                   1
crystal_system                          
          lamellar
N_cell_param                            
                   1
cell_param                              
    1.5161094774E+00
group_name                              
                P_-1
N_monomer                               
                   2
N_star                                  
                  65
  7.500000000000E+00  7.500000000000E+00       0     1
 -5.083817725735E+00  5.083817725794E+00       1     2
  1.109012722681E+00  1.109012722683E+00       2     2
  4.680187282490E-01 -4.680187282008E-01       3     2
 -4.168817878766E-01 -4.168817878816E-01       4     2
 -6.158056972828E-02  6.158056972677E-02       5     2
  8.408526614045E-02  8.408526614082E-02       6     2
  8.299429730769E-03 -8.299429730576E-03       7     2
 -1.536067800406E-02 -1.536067800411E-02       8     2
 -1.121594023587E-03  1.121594023539E-03       9     2
  2.611682212686E-03  2.611682212693E-03      10     2
  1.514564392045E-04 -1.514564391792E-04      11     2
 -4.251975978387E-04 -4.251975978384E-04      12     2
 -2.044230023373E-05  2.044230026988E-05      13     2
  6.718852317637E-05  6.718852317391E-05      14     2
  2.758396439007E-06 -2.758396425373E-06      15     2
 -1.038433446446E-05 -1.038433446514E-05      16     2
 -3.721300916332E-07  3.721301101381E-07      17     2
  1.575396145114E-06  1.575396144636E-06      18     2
  5.017771074914E-08 -5.017772557134E-08      19     2
 -2.350059834677E-07 -2.350059835022E-07      20     2
 -6.759238859658E-09  6.759213940175E-09      21     2
  3.454238026574E-08  3.454238015277E-08      22     2
  9.093590175325E-10 -9.093561899311E-10      23     2
 -5.016520162746E-09 -5.016520295358E-09      24     2
 -1.221657793604E-10  1.222169576172E-10      25     2
  7.217955593207E-10  7.217957169651E-10      26     2
  1.640419123967E-11 -1.640384656180E-11      27     2
 -1.031597163771E-10 -1.031616028733E-10      28     2
 -2.188085276874E-12  2.213062219356E-12      29     2
  1.469573762667E-11  1.469596796928E-11      30     2
  3.266472488804E-13 -2.639903186112E-13      31     2
 -2.074859538794E-12 -2.073922687142E-12      32     2
 -8.712793858675E-15  7.169544752720E-14      33     2
  2.348786987039E-13  2.352911843244E-13      34     2
  3.680230725755E-15 -5.673064326109E-15      35     2
 -1.417704068464E-14 -1.354244276508E-14      36     2
  8.286245493520E-15  9.933709290609E-15      37     2
  1.812688958841E-14  1.801385353866E-14      38     2
  4.842774995624E-15  5.346104263129E-15      39     2
 -1.038885977796E-14 -8.455493217476E-15      40     2
 -2.515642987793E-14 -2.420291185639E-14      41     2
 -5.277380259558E-15 -5.538027777339E-15      42     2
 -1.658770772985E-14 -1.575923809978E-14      43     2
  1.641458103552E-14  1.615667086415E-14      44     2
 -1.508509379288E-14 -1.578604384583E-14      45     2
 -2.528045734802E-14 -2.439705873049E-14      46     2
 -1.029430386747E-13 -1.019822797280E-13      47     2
 -2.169202694301E-14 -2.320573932159E-14      48     2
  7.329464718404E-15  7.947069073679E-15      49     2
  4.832747735096E-16 -6.621664677073E-16      50     2
 -1.150491830545E-14 -1.163394706087E-14      51     2
  4.517047090251E-14  4.556998632416E-14      52     2
 -3.103145191965E-14 -3.127786308828E-14      53     2
 -5.462750995683E-15 -5.816301052621E-15      54     2
 -2.789617034522E-14 -2.745800801213E-14      55     2
  2.282539273139E-14  2.180378248157E-14      56     2
  2.178881054065E-15  1.481465056874E-15      57     2
  7.876826443736E-16  1.709322526926E-15      58     2
  7.232852625020E-15  6.253761250769E-15      59     2
 -1.482588395228E-14 -1.539145412283E-14      60     2
  3.924265782340E-15  3.411413618082E-15      61     2
  8.835461377164E-15  8.272826431754E-15      62     2
  1.524208341615E-15  1.387025574662E-15      63     2
  1.191900081714E-14  1.235768682476E-14      64     1
