format  1   0
dim
          1
crystal_system
              lamellar
N_cell_param
              1
cell_param    
      2.3369156423e+00
group_name
          P_-1
N_monomer
          2
N_star       
             257
    4.9999999997e+01    4.9999999997e+01       0    1
   -4.4595081906e+01    4.4595081906e+01       1    2
    4.7563924383e+00    4.7563924383e+00       2    2
    1.3840823486e+01   -1.3840823486e+01       3    2
   -6.3129229910e+00   -6.3129229910e+00       4    2
   -7.3094842379e+00    7.3094842379e+00       5    2
    5.2868898109e+00    5.2868898109e+00       6    2
    4.4168733723e+00   -4.4168733723e+00       7    2
   -4.4492648480e+00   -4.4492648480e+00       8    2
   -2.8228628259e+00    2.8228628260e+00       9    2
    3.6246243635e+00    3.6246243635e+00      10    2
    1.8542071887e+00   -1.8542071887e+00      11    2
   -2.8921287375e+00   -2.8921287375e+00      12    2
   -1.2352362363e+00    1.2352362363e+00      13    2
    2.2650468195e+00    2.2650468195e+00      14    2
    8.2895996988e-01   -8.2895996988e-01      15    2
   -1.7463191115e+00   -1.7463191115e+00      16    2
   -5.5843697171e-01    5.5843697171e-01      17    2
    1.3285848400e+00    1.3285848400e+00      18    2
    3.7693234363e-01   -3.7693234363e-01      19    2
   -9.9941338654e-01   -9.9941338654e-01      20    2
   -2.5466966081e-01    2.5466966081e-01      21    2
    7.4457844240e-01    7.4457844240e-01      22    2
    1.7214545991e-01   -1.7214545991e-01      23    2
   -5.5015327399e-01   -5.5015327399e-01      24    2
   -1.1638753717e-01    1.1638753717e-01      25    2
    4.0361485985e-01    4.0361485985e-01      26    2
    7.8696348806e-02   -7.8696348807e-02      27    2
   -2.9429563866e-01   -2.9429563866e-01      28    2
   -5.3212524933e-02    5.3212524934e-02      29    2
    2.1344666652e-01    2.1344666652e-01      30    2
    3.5980991677e-02   -3.5980991677e-02      31    2
   -1.5409250622e-01   -1.5409250622e-01      32    2
   -2.4329232034e-02    2.4329232034e-02      33    2
    1.1079204863e-01    1.1079204863e-01      34    2
    1.6450498155e-02   -1.6450498155e-02      35    2
   -7.9373852486e-02   -7.9373852486e-02      36    2
   -1.1123101359e-02    1.1123101359e-02      37    2
    5.6684008798e-02    5.6684008798e-02      38    2
    7.5209082731e-03   -7.5209082733e-03      39    2
   -4.0364715328e-02   -4.0364715328e-02      40    2
   -5.0852680240e-03    5.0852680241e-03      41    2
    2.8669616594e-02    2.8669616594e-02      42    2
    3.4384153738e-03   -3.4384153739e-03      43    2
   -2.0315198092e-02   -2.0315198092e-02      44    2
   -2.3249080944e-03    2.3249080945e-03      45    2
    1.4364246133e-02    1.4364246133e-02      46    2
    1.5720218691e-03   -1.5720218690e-03      47    2
   -1.0136208770e-02   -1.0136208770e-02      48    2
   -1.0629665976e-03    1.0629665976e-03      49    2
    7.1392722738e-03    7.1392722738e-03      50    2
    7.1877413711e-04   -7.1877413714e-04      51    2
   -5.0194992038e-03   -5.0194992038e-03      52    2
   -4.8605049726e-04    4.8605049726e-04      53    2
    3.5231070418e-03    3.5231070418e-03      54    2
    3.2869393741e-04   -3.2869393735e-04      55    2
   -2.4687142851e-03   -2.4687142851e-03      56    2
   -2.2229492089e-04    2.2229492088e-04      57    2
    1.7270565717e-03    1.7270565717e-03      58    2
    1.5034954754e-04   -1.5034954752e-04      59    2
   -1.2062467715e-03   -1.2062467715e-03      60    2
   -1.0169922770e-04    1.0169922769e-04      61    2
    8.4111652673e-04    8.4111652674e-04      62    2
    6.8799504838e-05   -6.8799504871e-05      63    2
   -5.8554220241e-04   -5.8554220239e-04      64    2
   -4.6549519382e-05    4.6549519379e-05      65    2
    4.0694042360e-04    4.0694042360e-04      66    2
    3.1500557165e-05   -3.1500557167e-05      67    2
   -2.8233288804e-04   -2.8233288802e-04      68    2
   -2.1320922802e-05    2.1320922757e-05      69    2
    1.9554121754e-04    1.9554121753e-04      70    2
    1.4434127555e-05   -1.4434127565e-05      71    2
   -1.3519239467e-04   -1.3519239467e-04      72    2
   -9.7742660878e-06    9.7742660492e-06      73    2
    9.3303667849e-05    9.3303667891e-05      74    2
    6.6206272377e-06   -6.6206272310e-06      75    2
   -6.4280503782e-05   -6.4280503797e-05      76    2
   -4.4858782366e-06    4.4858782659e-06      77    2
    4.4208229735e-05    4.4208229747e-05      78    2
    3.0404697717e-06   -3.0404697489e-06      79    2
   -3.0352060783e-05   -3.0352060773e-05      80    2
   -2.0615291638e-06    2.0615291908e-06      81    2
    2.0804712770e-05    2.0804712808e-05      82    2
    1.3983106966e-06   -1.3983106187e-06      83    2
   -1.4238380276e-05   -1.4238380280e-05      84    2
   -9.4883773079e-07    9.4883771320e-07      85    2
    9.7304024345e-06    9.7304024430e-06      86    2
    6.4411254771e-07   -6.4411249968e-07      87    2
   -6.6408966366e-06   -6.6408966240e-06      88    2
   -4.3744079783e-07    4.3744071468e-07      89    2
    4.5269919421e-06    4.5269919879e-06      90    2
    2.9721399941e-07   -2.9721391362e-07      91    2
   -3.0828086297e-06   -3.0828085937e-06      92    2
   -2.0202960211e-07    2.0202961889e-07      93    2
    2.0975266602e-06    2.0975266738e-06      94    2
    1.3739115702e-07   -1.3739111114e-07      95    2
   -1.4261471476e-06   -1.4261471368e-06      96    2
   -9.3476075790e-08    9.3476162625e-08      97    2
    9.6914455851e-07    9.6914458140e-07      98    2
    6.3626883243e-08   -6.3626862803e-08      99    2
   -6.5833883927e-07   -6.5833881131e-07     100    2
   -4.3328784200e-08    4.3328709982e-08     101    2
    4.4710858454e-07    4.4710860184e-07     102    2
    2.9519190374e-08   -2.9519202114e-08     103    2
   -3.0362647506e-07   -3.0362648374e-07     104    2
   -2.0119694224e-08    2.0119741664e-08     105    2
    2.0619815324e-07    2.0619815703e-07     106    2
    1.3718948785e-08   -1.3719065211e-08     107    2
   -1.4005444999e-07   -1.4005447768e-07     108    2
   -9.3583745066e-09    9.3584299893e-09     109    2
    9.5151977071e-08    9.5152013434e-08     110    2
    6.3863692502e-09   -6.3863724710e-09     111    2
   -6.4666930100e-08   -6.4666963832e-08     112    2
   -4.3597867085e-09    4.3598405779e-09     113    2
    4.3966068332e-08    4.3966065563e-08     114    2
    2.9774258682e-09   -2.9774372419e-09     115    2
   -2.9905206221e-08   -2.9905200682e-08     116    2
   -2.0340474750e-09    2.0340530602e-09     117    2
    2.0350947563e-08    2.0350935001e-08     118    2
    1.3900085689e-09   -1.3901031686e-09     119    2
   -1.3856113968e-08   -1.3856137956e-08     120    2
   -9.5024715956e-10    9.5024957782e-10     121    2
    9.4389231029e-09    9.4389343575e-09     122    2
    6.4978941621e-10   -6.4981421003e-10     123    2
   -6.4332977761e-09   -6.4332837122e-09     124    2
   -4.4444222889e-10    4.4448230672e-10     125    2
    4.3869874119e-09    4.3869934814e-09     126    2
    3.0410570551e-10   -3.0407862914e-10     127    2
   -2.9927268579e-09   -2.9927419308e-09     128    2
   -2.0810043596e-10    2.0808811073e-10     129    2
    2.0430990599e-09    2.0431032341e-09     130    2
    1.4251808243e-10   -1.4238655897e-10     131    2
   -1.3950775642e-09   -1.3950503771e-09     132    2
   -9.7569666875e-11    9.7508158503e-11     133    2
    9.5324705255e-10    9.5323021331e-10     134    2
    6.6786277121e-11   -6.6772097224e-11     135    2
   -6.5148786462e-10   -6.5148719250e-10     136    2
   -4.5754764086e-11    4.5726217382e-11     137    2
    4.4548522977e-10    4.4548545056e-10     138    2
    3.1392921189e-11   -3.1304563240e-11     139    2
   -3.0475041006e-10   -3.0477420723e-10     140    2
   -2.1423676583e-11    2.1489401886e-11     141    2
    2.0847930433e-10    2.0845882098e-10     142    2
    1.4729180660e-11   -1.4698070252e-11     143    2
   -1.4252386294e-10   -1.4253927852e-10     144    2
   -1.0016253600e-11    1.0156066462e-11     145    2
    9.7707269686e-11    9.7704683480e-11     146    2
    6.9003175071e-12   -6.9219654252e-12     147    2
   -6.6847957835e-11   -6.6824050111e-11     148    2
   -4.7651698937e-12    4.6837760476e-12     149    2
    4.5921526352e-11    4.5934769714e-11     150    2
    3.2664711031e-12   -3.2204874802e-12     151    2
   -3.1439931889e-11   -3.1438120763e-11     152    2
   -2.1627201006e-12    2.2872552653e-12     153    2
    2.1559063440e-11    2.1582852181e-11     154    2
    1.4784255851e-12   -1.5813851647e-12     155    2
   -1.4786737026e-11   -1.4786193627e-11     156    2
   -1.0414251550e-12    1.0829081017e-12     157    2
    1.0148471695e-11    1.0158451596e-11     158    2
    7.6074904854e-13   -6.8666828378e-13     159    2
   -6.8825616244e-12   -6.8824733067e-12     160    2
   -4.8663911786e-13    4.9681037307e-13     161    2
    4.7931807111e-12    4.7568551501e-12     162    2
    3.5103158150e-13   -3.4534244960e-13     163    2
   -3.2302984114e-12   -3.2102821858e-12     164    2
   -2.4333611850e-13    2.2424416219e-13     165    2
    2.1925163616e-12    2.2083988281e-12     166    2
    1.2904626717e-13   -1.9673749161e-13     167    2
   -1.4220695389e-12   -1.4075228776e-12     168    2
   -1.0479999171e-13    9.1919407037e-14     169    2
    1.1128030301e-12    1.1271203107e-12     170    2
    8.7291007529e-14   -8.6920870498e-14     171    2
   -7.4389570062e-13   -7.5935313822e-13     172    2
   -3.7763330230e-14    4.7979664266e-14     173    2
    5.1667694921e-13    5.3029872792e-13     174    2
    2.1005199833e-14   -3.7619200649e-14     175    2
   -3.0082787513e-13   -3.0685157165e-13     176    2
   -1.3284530827e-14    2.9129086674e-14     177    2
    1.1844752976e-13    1.1488354254e-13     178    2
   -6.3226887330e-15   -4.8596623204e-14     179    2
   -1.1461628950e-13   -1.3956895323e-13     180    2
    6.0783200948e-15    4.7751759365e-14     181    2
    7.8847314013e-14    6.0979845828e-14     182    2
    5.7813288264e-14    1.2552996538e-14     183    2
   -9.0892713765e-14   -7.1148877762e-14     184    2
    4.7590408982e-14    4.1958037695e-14     185    2
    1.3851588731e-13    1.4903090690e-13     186    2
   -6.0134809494e-16    1.0995793327e-14     187    2
   -4.3049397617e-14   -3.6947886459e-14     188    2
   -1.9526146670e-14   -2.8704877093e-14     189    2
   -2.0107629033e-13   -1.9258126981e-13     190    2
   -4.2966887265e-14   -8.6462032443e-15     191    2
   -5.8614242413e-14   -5.7815319878e-14     192    2
    2.5969376224e-14    7.3427093036e-14     193    2
   -2.6652932804e-14   -2.5662425256e-14     194    2
    3.3001179621e-14    4.7544755171e-14     195    2
    1.0306261694e-14    1.9492452548e-14     196    2
   -6.5016010754e-14   -3.0465486050e-14     197    2
   -1.5551121820e-14   -3.1766006360e-14     198    2
   -1.8918943311e-14   -3.5540974752e-15     199    2
   -8.2565090560e-14   -6.4904616987e-14     200    2
   -3.0728522536e-14   -3.7915777928e-14     201    2
   -1.0751453438e-15    4.0731019638e-14     202    2
    1.1810997521e-14    3.7283524388e-14     203    2
    6.6468882931e-14    5.2689788312e-14     204    2
    6.3726664320e-14    5.6976953370e-14     205    2
    3.3554593131e-14    4.8602334722e-14     206    2
    4.3261797087e-14    2.7416359596e-14     207    2
    1.0834128619e-13    1.4076982863e-13     208    2
   -3.0967313819e-14    4.2309698540e-15     209    2
    8.5983414903e-14    1.0434123032e-13     210    2
   -2.7612314494e-14   -7.2155254896e-15     211    2
    8.7315540224e-14    8.6903390953e-14     212    2
   -1.9966546872e-14   -1.2900824149e-14     213    2
    4.2456281391e-14    5.9170406267e-14     214    2
   -2.8863941910e-14   -1.2216055309e-14     215    2
    5.1246345890e-14    6.6397738116e-14     216    2
   -1.9850629890e-14   -3.0793438346e-14     217    2
    1.3308496203e-13    1.2139758629e-13     218    2
   -1.3652444582e-14    1.4017981733e-14     219    2
    3.9247404928e-14    5.5424263792e-14     220    2
   -2.1415815810e-14   -3.4021940964e-14     221    2
   -2.3404190712e-14   -2.7211664925e-14     222    2
    1.5038541831e-14    1.5117046454e-14     223    2
   -2.1078491258e-14   -3.7662592853e-14     224    2
    1.0887609893e-14    1.8644847947e-15     225    2
    4.9340155514e-14    4.0763525459e-14     226    2
   -9.3911155185e-15   -2.1245313582e-15     227    2
    1.1010273367e-14    1.3031767407e-14     228    2
   -2.1971481344e-14   -2.3060732987e-16     229    2
   -1.0288030836e-13   -9.9308348012e-14     230    2
    9.3322370513e-15    1.8213072521e-14     231    2
   -3.4188763288e-14   -5.1028004907e-14     232    2
    3.2599044673e-14    2.1127556647e-14     233    2
   -2.9831756715e-15   -6.4373790806e-15     234    2
   -1.1579431883e-15   -1.5210270693e-14     235    2
   -7.5128924148e-14   -6.7121452609e-14     236    2
   -1.3934570571e-14   -1.3306533587e-14     237    2
   -7.8897146049e-14   -6.8377526576e-14     238    2
   -1.8056063275e-14   -6.7121452609e-15     239    2
    5.2127069628e-14    5.6837347004e-14     240    2
    1.1697188817e-14    1.2717748915e-14     241    2
    1.2906160010e-13    1.3392888673e-13     242    2
   -1.7271017046e-15   -1.2168216555e-14     243    2
   -1.9155127996e-14   -4.3962588843e-15     244    2
    8.4784992769e-15    0.0000000000e+00     245    2
   -9.9543861881e-14   -9.6717695455e-14     246    2
   -2.3394377634e-14   -1.8684100258e-14     247    2
   -6.2803698347e-16   -1.5386906095e-14     248    2
   -6.2803698347e-16   -1.0990647211e-14     249    2
   -2.5749516322e-14   -3.8624274484e-14     250    2
    4.0822403926e-14    3.6426145041e-14     251    2
    1.0425413926e-13    9.1693399587e-14     252    2
   -6.4059772314e-14   -6.4059772314e-14     253    2
    5.3383143595e-15    5.0242958678e-15     254    2
   -3.5170071075e-14   -3.2657923141e-14     255    2
    6.3948846218e-14    4.9737991503e-14     256    1
