format  1   0
dim
          1
crystal_system
              lamellar
N_cell_param
              1
cell_param    
      1.5161094762e+00
group_name
          P_-1
N_monomer
          2
N_star       
             33
    7.5000035202e+00    7.5000035202e+00       0    1
   -5.0838187351e+00    5.0838187351e+00       1    2
    1.1090184313e+00    1.1090184313e+00       2    2
    4.6801779393e-01   -4.6801779393e-01       3    2
   -4.1688429174e-01   -4.1688429174e-01       4    2
   -6.1579926969e-02    6.1579926954e-02       5    2
    8.4111210338e-02    8.4111210339e-02       6    2
    8.2989817045e-03   -8.2989816799e-03       7    2
   -1.5382425032e-02   -1.5382425034e-02       8    2
   -1.1213873132e-03    1.1213873259e-03       9    2
    2.6179479417e-03    2.6179479410e-03      10    2
    1.5139749809e-04   -1.5139748153e-04      11    2
   -4.2635181103e-04   -4.2635181111e-04      12    2
   -2.0430161264e-05    2.0430148279e-05      13    2
    6.7372880677e-05    6.7372880607e-05      14    2
    2.7563036810e-06   -2.7562808255e-06      15    2
   -1.0417450497e-05   -1.0417450888e-05      16    2
   -3.7182183330e-07    3.7184356545e-07      17    2
    1.5841320333e-06    1.5841310529e-06      18    2
    5.0217825770e-08   -5.0108952375e-08      19    2
   -2.3763613607e-07   -2.3763689144e-07      20    2
   -6.7704118581e-09    6.7676271225e-09      21    2
    3.5203917658e-08    3.5204664085e-08      22    2
    8.5258487269e-10   -9.7506576206e-10      23    2
   -5.1386183660e-09   -5.1383278695e-09      24    2
   -8.4215128938e-11    1.6239511195e-10      25    2
    7.5834467274e-10    7.5774418597e-10      26    2
    5.0508058976e-11    1.7577400963e-11      27    2
   -1.8423657247e-10   -1.8466143948e-10      28    2
    2.1738675884e-11    2.7090924814e-11      29    2
   -2.8172483005e-11   -2.8361836155e-11      30    2
    5.5656637475e-12    4.6628605838e-12      31    2
    6.6374905572e-11    6.6359362449e-11      32    1
