
        chiN               fHelmholtz                 U                     SA                     SB              error      cell param1     cell param2     cell param3
------------------------------------------------------------------------------------------------------------------------------------------------------------------------------------------------
   1.5000000000e+01   3.15007738191089e+00   2.97515022676731e+00  -1.09253803850406e+00   1.26746519364764e+00   5.72e-07   4.87368987e+00
   1.5010000000e+01   3.15205870595714e+00   2.97222190644342e+00  -1.08897435283573e+00   1.26881115234945e+00   8.18e-07   4.87540123e+00
   1.5021000000e+01   3.15423444969036e+00   2.96918424130732e+00  -1.08522982856519e+00   1.27028003694822e+00   3.39e-07   4.87721064e+00
   1.5033100000e+01   3.15662341922428e+00   2.96603047186365e+00  -1.08129098502583e+00   1.27188393238644e+00   9.80e-08   4.87912752e+00
   1.5046410000e+01   3.15924620573138e+00   2.96275406321623e+00  -1.07714390846466e+00   1.27363605097981e+00   5.34e-07   4.88116228e+00
   1.5061051000e+01   3.16212532527844e+00   2.95934788478867e+00  -1.07277348553031e+00   1.27555092602009e+00   7.12e-07   4.88332660e+00
   1.5077156100e+01   3.16528539203536e+00   2.95580431104065e+00  -1.06816344350290e+00   1.27764452449760e+00   8.18e-07   4.88563353e+00
   1.5094871710e+01   3.16875329524522e+00   2.95211492127388e+00  -1.06329602454306e+00   1.27993439851440e+00   8.24e-07   4.88809773e+00
   1.5114358881e+01   3.17255840787981e+00   2.94827103817178e+00  -1.05815243864054e+00   1.28243980834858e+00   7.33e-07   4.89073565e+00
   1.5135794769e+01   3.17673277299164e+00   2.94426266376131e+00  -1.05271182744575e+00   1.28518193667609e+00   5.89e-07   4.89356580e+00
   1.5159374246e+01   3.18131133785159e+00   2.94007897616134e+00  -1.04695167882852e+00   1.28818404051877e+00   3.82e-07   4.89660901e+00
   1.5185311671e+01   3.18633218309652e+00   2.93570798662815e+00  -1.04084746162724e+00   1.29147165809561e+00   5.53e-07   4.89988871e+00
   1.5213842838e+01   3.19183677253523e+00   2.93113649992134e+00  -1.03437254551144e+00   1.29507281812533e+00   2.86e-07   4.90343125e+00
   1.5245227121e+01   3.19787020575835e+00   2.92634973184096e+00  -1.02749780378273e+00   1.29901827770012e+00   1.02e-07   4.90726629e+00
   1.5279749834e+01   3.20448148922477e+00   2.92133118878082e+00  -1.02019146467301e+00   1.30334176511696e+00   2.73e-07   4.91142711e+00
   1.5317724817e+01   3.21172381595145e+00   2.91606249109044e+00  -1.01241891799185e+00   1.30808024285287e+00   8.00e-07   4.91595110e+00
   1.5359497299e+01   3.21965484027624e+00   2.91052286530551e+00  -1.00414221922576e+00   1.31327419419649e+00   2.70e-07   4.92088010e+00
   1.5405447028e+01   3.22833698509325e+00   2.90468937420141e+00  -9.95320294120619e-01   1.31896790501246e+00   2.45e-07   4.92626097e+00
   1.5455991731e+01   3.23783770444078e+00   2.89853600622324e+00  -9.85908090876053e-01   1.32520978909359e+00   2.18e-07   4.93214595e+00
   1.5511590904e+01   3.24822977724541e+00   2.89203370673341e+00  -9.75856627922429e-01   1.33205269843443e+00   1.87e-07   4.93859323e+00
   1.5572749995e+01   3.25959157503152e+00   2.88515002976030e+00  -9.65112706880396e-01   1.33955425215161e+00   7.05e-07   4.94566740e+00
   1.5640024994e+01   3.27200729168612e+00   2.87784849977206e+00  -9.53618378949623e-01   1.34777717086367e+00   1.12e-07   4.95343985e+00
   1.5714027494e+01   3.28556719345437e+00   2.87008890509801e+00  -9.41311307572980e-01   1.35678959592934e+00   5.42e-08   4.96198940e+00
   1.5795430243e+01   3.30036775946173e+00   2.86182639042288e+00  -9.28124045059368e-01   1.36666541409821e+00   1.26e-08   4.97140254e+00
   1.5884973268e+01   3.31651181792490e+00   2.85301152247512e+00  -9.13984254752610e-01   1.37748455020239e+00   8.60e-08   4.98177383e+00
   1.5983470594e+01   3.33410859136115e+00   2.84359005943025e+00  -8.98814701980472e-01   1.38933323391137e+00   1.60e-07   4.99320616e+00
   1.6091817654e+01   3.35327365772989e+00   2.83350289297084e+00  -8.82533457187425e-01   1.40230422194647e+00   2.24e-07   5.00581088e+00
   1.6210999419e+01   3.37412880483753e+00   2.82268613487042e+00  -8.65054291957442e-01   1.41649696192455e+00   2.75e-07   5.01970779e+00
   1.6342099361e+01   3.39680176086270e+00   2.81107141734466e+00  -8.46287338279410e-01   1.43201768179745e+00   9.17e-07   5.03502502e+00
   1.6486309297e+01   3.42142575864484e+00   2.79858628655552e+00  -8.26139909026929e-01   1.44897938111625e+00   4.19e-07   5.05189833e+00
   1.6644940227e+01   3.44813897376697e+00   2.78515523818179e+00  -8.04517980909742e-01   1.46750171649492e+00   3.89e-07   5.07047101e+00
   1.6819434250e+01   3.47708372394691e+00   2.77070067953434e+00  -7.81327695263050e-01   1.48771073967561e+00   4.54e-07   5.09089252e+00
   1.7000000000e+01   3.50656369319492e+00   2.75605724710475e+00  -7.57932246432154e-01   1.50843869252232e+00   5.17e-07   5.11198985e+00
