
          chiN                fHelmholtz              error          cell param1          cell param2          cell param3
-----------------------------------------------------------------------------------------------------------------------------------

     2.9900000000e+01     4.70266912719395e+00     9.255862e-08     1.03576195e+01
     2.9785000000e+01     4.69550766579945e+00     7.823332e-08     1.03493168e+01
     2.9652750000e+01     4.68722375798453e+00     9.005622e-08     1.03397012e+01
     2.9500662500e+01     4.67763262940925e+00     6.730272e-08     1.03285520e+01
     2.9325761875e+01     4.66651603957061e+00     7.675947e-08     1.03156072e+01
     2.9125761875e+01     4.65368843551562e+00     8.857229e-08     1.03006410e+01
     2.8925761875e+01     4.64073506434206e+00     9.255225e-08     1.02854972e+01
     2.8725761875e+01     4.62765345001446e+00     9.876722e-08     1.02701724e+01
     2.8525761875e+01     4.61444111250970e+00     6.918151e-08     1.02546650e+01
     2.8325761875e+01     4.60109532664622e+00     7.013061e-08     1.02389689e+01
     2.8125761875e+01     4.58761346381514e+00     7.254937e-08     1.02230821e+01
     2.7925761875e+01     4.57399277028408e+00     7.270700e-08     1.02070012e+01
     2.7725761875e+01     4.56023041391110e+00     7.297966e-08     1.01907227e+01
     2.7525761875e+01     4.54632348486898e+00     7.370437e-08     1.01742431e+01
     2.7325761875e+01     4.53226899093656e+00     7.531989e-08     1.01575588e+01
     2.7125761875e+01     4.51806385555365e+00     7.819897e-08     1.01406662e+01
     2.6925761875e+01     4.50370491376618e+00     8.255638e-08     1.01235616e+01
     2.6725761875e+01     4.48918891085150e+00     8.801523e-08     1.01062414e+01
     2.6525761875e+01     4.47451250041530e+00     9.411784e-08     1.00887018e+01
     2.6325761875e+01     4.45967223464754e+00     9.504081e-08     1.00709389e+01
     2.6125761875e+01     4.44466455135147e+00     8.695404e-08     1.00529488e+01
     2.5925761875e+01     4.42948582874780e+00     8.958131e-08     1.00347284e+01
     2.5725761875e+01     4.41413230518605e+00     8.794752e-08     1.00162737e+01
     2.5525761875e+01     4.39860007325468e+00     7.628434e-08     9.99758010e+00
     2.5325761875e+01     4.38288515388095e+00     7.342102e-08     9.97864409e+00
     2.5125761875e+01     4.36698343301230e+00     7.101295e-08     9.95946181e+00
     2.4925761875e+01     4.35089065377825e+00     8.602811e-08     9.94002900e+00
     2.4725761875e+01     4.33460250689368e+00     9.005235e-08     9.92034406e+00
     2.4525761875e+01     4.31811435902601e+00     6.620532e-08     9.90039890e+00
     2.4325761875e+01     4.30142165630984e+00     9.416085e-08     9.88019295e+00
     2.4125761875e+01     4.28451952687610e+00     5.391486e-08     9.85972075e+00
     2.3925761875e+01     4.26740306863246e+00     8.371458e-08     9.83898042e+00
     2.3725761875e+01     4.25006715571463e+00     9.423375e-08     9.81796816e+00
     2.3525761875e+01     4.23250642378503e+00     7.102320e-08     9.79667784e+00
     2.3325761875e+01     4.21471548413932e+00     8.914456e-08     9.77510909e+00
     2.3125761875e+01     4.19668865843860e+00     9.176396e-08     9.75325753e+00
     2.2925761875e+01     4.17842009981158e+00     8.206440e-08     9.73112004e+00
     2.2725761875e+01     4.15990377010021e+00     8.679955e-08     9.70869390e+00
     2.2525761875e+01     4.14113341819410e+00     9.024765e-08     9.68597649e+00
     2.2325761875e+01     4.12210257402495e+00     9.212309e-08     9.66296552e+00
     2.2125761875e+01     4.10280454009673e+00     9.667930e-08     9.63965907e+00
     2.1925761875e+01     4.08323237754657e+00     9.799857e-08     9.61605550e+00
     2.1725761875e+01     4.06337888965890e+00     9.119341e-08     9.59215341e+00
     2.1525761875e+01     4.04323668899046e+00     9.433647e-08     9.56795439e+00
     2.1325761875e+01     4.02279790147433e+00     8.000302e-08     9.54345372e+00
     2.1125761875e+01     4.00205464398124e+00     5.706121e-08     9.51865639e+00
     2.0925761875e+01     3.98099856208074e+00     8.754534e-08     9.49356300e+00
     2.0725761875e+01     3.95962100108068e+00     9.353861e-08     9.46817568e+00
     2.0525761875e+01     3.93791294529270e+00     9.702590e-08     9.44249661e+00
     2.0325761875e+01     3.91586510225473e+00     9.898160e-08     9.41653246e+00
     2.0125761875e+01     3.89346776095983e+00     9.314051e-08     9.39028983e+00
     1.9925761875e+01     3.87071076700098e+00     9.862567e-08     9.36377521e+00
     1.9725761875e+01     3.84758360781900e+00     9.904531e-08     9.33699978e+00
     1.9525761875e+01     3.82407527045915e+00     9.201208e-08     9.30997505e+00
     1.9325761875e+01     3.80017432580214e+00     9.197417e-08     9.28271866e+00
     1.9125761875e+01     3.77586874448978e+00     8.637141e-08     9.25524637e+00
     1.8925761875e+01     3.75114601805498e+00     7.872193e-08     9.22758252e+00
     1.8725761875e+01     3.72599301286825e+00     9.262568e-08     9.19975408e+00
     1.8525761875e+01     3.70039597447258e+00     9.579075e-08     9.17179521e+00
     1.8325761875e+01     3.67434045588324e+00     9.526874e-08     9.14374645e+00
     1.8125761875e+01     3.64781123997076e+00     5.796357e-08     9.11565698e+00
     1.7925761875e+01     3.62079225854747e+00     8.755195e-08     9.08758698e+00
     1.7725761875e+01     3.59326657620001e+00     7.332985e-08     9.05961102e+00
     1.7525761875e+01     3.56521620344880e+00     7.463999e-08     9.03182279e+00
     1.7325761875e+01     3.53662198455290e+00     8.992750e-08     9.00433801e+00
     1.7125761875e+01     3.50746344024138e+00     6.801124e-08     8.97730441e+00
     1.6925761875e+01     3.47771853505115e+00     6.061195e-08     8.95091235e+00
     1.6725761875e+01     3.44736339516099e+00     8.763211e-08     8.92541229e+00
     1.6525761875e+01     3.41637190342610e+00     6.004357e-08     8.90114148e+00
     1.6325761875e+01     3.38471515903230e+00     9.292599e-08     8.87856729e+00
     1.6125761875e+01     3.35236062234056e+00     9.226805e-08     8.85836516e+00
     1.6000000000e+01     3.33164189078286e+00     8.979615e-08     8.84731670e+00

          chiN                fHelmholtz              error          cell param1          cell param2          cell param3
-----------------------------------------------------------------------------------------------------------------------------------

     2.9900000000e+01     4.70266888603529e+00     9.873841e-08     1.03576143e+01
     2.9785000000e+01     4.69550766615807e+00     7.774554e-08     1.03493168e+01
     2.9652750000e+01     4.68722375798041e+00     9.006196e-08     1.03397012e+01
     2.9500662500e+01     4.67763262940933e+00     6.730267e-08     1.03285520e+01
     2.9325761875e+01     4.66651603957067e+00     7.675947e-08     1.03156072e+01
     2.9125761875e+01     4.65368843551569e+00     8.857230e-08     1.03006410e+01
     2.8925761875e+01     4.64073506434200e+00     9.255225e-08     1.02854972e+01
     2.8725761875e+01     4.62765345001445e+00     9.876723e-08     1.02701724e+01
     2.8525761875e+01     4.61444111250968e+00     6.918151e-08     1.02546650e+01
     2.8325761875e+01     4.60109532664625e+00     7.013061e-08     1.02389689e+01
     2.8125761875e+01     4.58761346381516e+00     7.254938e-08     1.02230821e+01
     2.7925761875e+01     4.57399277028404e+00     7.270700e-08     1.02070012e+01
     2.7725761875e+01     4.56023041391117e+00     7.297964e-08     1.01907227e+01
     2.7525761875e+01     4.54632348486902e+00     7.370436e-08     1.01742431e+01
     2.7325761875e+01     4.53226899093650e+00     7.531989e-08     1.01575588e+01
     2.7125761875e+01     4.51806385555365e+00     7.819897e-08     1.01406662e+01
     2.6925761875e+01     4.50370491376611e+00     8.255637e-08     1.01235616e+01
     2.6725761875e+01     4.48918891085146e+00     8.801523e-08     1.01062414e+01
     2.6525761875e+01     4.47451250041527e+00     9.411784e-08     1.00887018e+01
     2.6325761875e+01     4.45967223464762e+00     9.504081e-08     1.00709389e+01
     2.6125761875e+01     4.44466455135153e+00     8.695403e-08     1.00529488e+01
     2.5925761875e+01     4.42948582874777e+00     8.958130e-08     1.00347284e+01
     2.5725761875e+01     4.41413230518608e+00     8.794753e-08     1.00162737e+01
     2.5525761875e+01     4.39860007325467e+00     7.628433e-08     9.99758010e+00
     2.5325761875e+01     4.38288515388099e+00     7.342101e-08     9.97864409e+00
     2.5125761875e+01     4.36698343301233e+00     7.101295e-08     9.95946181e+00
     2.4925761875e+01     4.35089065377825e+00     8.602811e-08     9.94002900e+00
     2.4725761875e+01     4.33460250689361e+00     9.005234e-08     9.92034406e+00
     2.4525761875e+01     4.31811435902602e+00     6.620531e-08     9.90039890e+00
     2.4325761875e+01     4.30142165630992e+00     9.416090e-08     9.88019295e+00
     2.4125761875e+01     4.28451952687604e+00     5.391489e-08     9.85972075e+00
     2.3925761875e+01     4.26740306863247e+00     8.371458e-08     9.83898042e+00
     2.3725761875e+01     4.25006715571466e+00     9.423377e-08     9.81796816e+00
     2.3525761875e+01     4.23250642378506e+00     7.102320e-08     9.79667784e+00
     2.3325761875e+01     4.21471548413937e+00     8.914457e-08     9.77510909e+00
     2.3125761875e+01     4.19668865843856e+00     9.176398e-08     9.75325753e+00
     2.2925761875e+01     4.17842009981159e+00     8.206440e-08     9.73112004e+00
     2.2725761875e+01     4.15990377010022e+00     8.679956e-08     9.70869390e+00
     2.2525761875e+01     4.14113341819409e+00     9.024765e-08     9.68597649e+00
     2.2325761875e+01     4.12210257402493e+00     9.212309e-08     9.66296552e+00
     2.2125761875e+01     4.10280454009676e+00     9.667930e-08     9.63965907e+00
     2.1925761875e+01     4.08323237754656e+00     9.799856e-08     9.61605550e+00
     2.1725761875e+01     4.06337888965891e+00     9.119341e-08     9.59215341e+00
     2.1525761875e+01     4.04323668899047e+00     9.433647e-08     9.56795439e+00
     2.1325761875e+01     4.02279790147433e+00     8.000302e-08     9.54345372e+00
     2.1125761875e+01     4.00205464398126e+00     5.706122e-08     9.51865639e+00
     2.0925761875e+01     3.98099856208075e+00     8.754535e-08     9.49356300e+00
     2.0725761875e+01     3.95962100108066e+00     9.353862e-08     9.46817568e+00
     2.0525761875e+01     3.93791294529271e+00     9.702591e-08     9.44249661e+00
     2.0325761875e+01     3.91586510225473e+00     9.898160e-08     9.41653246e+00
     2.0125761875e+01     3.89346776095983e+00     9.314051e-08     9.39028983e+00
     1.9925761875e+01     3.87071076700098e+00     9.862568e-08     9.36377521e+00
     1.9725761875e+01     3.84758360781899e+00     9.904531e-08     9.33699978e+00
     1.9525761875e+01     3.82407527045914e+00     9.201208e-08     9.30997505e+00
     1.9325761875e+01     3.80017432580215e+00     9.197417e-08     9.28271866e+00
     1.9125761875e+01     3.77586874448978e+00     8.637142e-08     9.25524637e+00
     1.8925761875e+01     3.75114601805500e+00     7.872194e-08     9.22758252e+00
     1.8725761875e+01     3.72599301286824e+00     9.262569e-08     9.19975408e+00
     1.8525761875e+01     3.70039597447257e+00     9.579076e-08     9.17179521e+00
     1.8325761875e+01     3.67434045588324e+00     9.526873e-08     9.14374645e+00
     1.8125761875e+01     3.64781123997077e+00     5.796357e-08     9.11565698e+00
     1.7925761875e+01     3.62079225854747e+00     8.755195e-08     9.08758698e+00
     1.7725761875e+01     3.59326657620000e+00     7.332985e-08     9.05961102e+00
     1.7525761875e+01     3.56521620344880e+00     7.463999e-08     9.03182279e+00
     1.7325761875e+01     3.53662198455290e+00     8.992750e-08     9.00433801e+00
     1.7125761875e+01     3.50746344024139e+00     6.801125e-08     8.97730441e+00
     1.6925761875e+01     3.47771853505115e+00     6.061195e-08     8.95091235e+00
     1.6725761875e+01     3.44736339516099e+00     8.763211e-08     8.92541229e+00
     1.6525761875e+01     3.41637190342610e+00     6.004356e-08     8.90114148e+00
     1.6325761875e+01     3.38471515903230e+00     9.292599e-08     8.87856729e+00
     1.6125761875e+01     3.35236062234057e+00     9.226803e-08     8.85836516e+00
     1.5925761875e+01     3.31927084223786e+00     9.116276e-08     8.84156507e+00
     1.5725761875e+01     3.28540131921689e+00     8.653146e-08     8.82985168e+00
     1.5525761875e+01     3.25069669100445e+00     9.865066e-08     8.82631021e+00
     1.5325761875e+01     3.21508328886634e+00     9.307339e-08     8.83774993e+00
     1.5125761875e+01     3.17845562460420e+00     7.192551e-08     8.88674472e+00
