
        chiN               fHelmholtz                 U                     SA                     SB              error      cell param1     cell param2     cell param3
------------------------------------------------------------------------------------------------------------------------------------------------------------------------------------------------

   1.5900000000e+01   3.31920723969893e+00   2.85155682757893e+00  -9.11645288770262e-01   1.37929570089027e+00   7.53e-07   4.98351605e+00
   1.5800000000e+01   3.30119510269610e+00   2.86137009868427e+00  -9.27393670028183e-01   1.36721867404002e+00   8.29e-07   4.97193131e+00
   1.5700000000e+01   3.28300459640060e+00   2.87154026581080e+00  -9.43619483296828e-01   1.35508381388662e+00   6.28e-07   4.96036835e+00
   1.5600000000e+01   3.26463088935728e+00   2.88216116701435e+00  -9.60418784843133e-01   1.34288850718606e+00   1.73e-07   4.94881615e+00
   1.5500000000e+01   3.24606832282170e+00   2.89336856303153e+00  -9.77928278056963e-01   1.33062803784713e+00   3.91e-07   4.93725076e+00
   1.5400000000e+01   3.22731004091723e+00   2.90536812389543e+00  -9.96352033675961e-01   1.31829395069776e+00   6.92e-07   4.92562492e+00
   1.5300000000e+01   3.20834733547877e+00   2.91849156089915e+00  -1.01601489271855e+00   1.30587066729818e+00   2.55e-07   4.91384549e+00
   1.5200000000e+01   3.18916840889843e+00   2.93332607179401e+00  -1.03748509801561e+00   1.29332743512003e+00   5.79e-07   4.90172004e+00
   1.5100000000e+01   3.16975562222873e+00   2.95108315774228e+00  -1.06192253309772e+00   1.28059499758418e+00   5.55e-07   4.88879869e+00
   1.5000000000e+01   3.15007738107902e+00   2.97515012775354e+00  -1.09253794199328e+00   1.26746519531877e+00   7.87e-07   4.87368990e+00
   1.5000000000e+01   3.15007738107902e+00   2.97515012775354e+00  -1.09253794199328e+00   1.26746519531877e+00   7.87e-07   4.87368990e+00
