
          chiN                fHelmholtz              error          cell param1          cell param2          cell param3
-----------------------------------------------------------------------------------------------------------------------------------

     2.9900000000e+01     4.26840509921146e+00     4.882928e-08     7.92056210e+00
     2.9785000000e+01     4.25996601410409e+00     4.136350e-08     7.91369966e+00
     2.9652750000e+01     4.25019296984798e+00     4.880754e-08     7.90577994e+00
     2.9500662500e+01     4.23886263410770e+00     5.814507e-08     7.89663621e+00
     2.9325761875e+01     4.22570994147738e+00     7.000635e-08     7.88607471e+00
     2.9125761875e+01     4.21050563770755e+00     8.413673e-08     7.87393938e+00
     2.8925761875e+01     4.19512251251958e+00     8.346535e-08     7.86174504e+00
     2.8725761875e+01     4.17955658766842e+00     6.589842e-08     7.84949569e+00
     2.8525761875e+01     4.16380374400879e+00     7.902522e-08     7.83719499e+00
     2.8325761875e+01     4.14785974160497e+00     8.159923e-08     7.82484788e+00
     2.8125761875e+01     4.13172021540251e+00     8.715699e-08     7.81245966e+00
     2.7925761875e+01     4.11538065715911e+00     9.452274e-08     7.80003626e+00
     2.7725761875e+01     4.09883640733439e+00     7.375742e-08     7.78758434e+00
     2.7525761875e+01     4.08208267749727e+00     7.695177e-08     7.77511167e+00
     2.7325761875e+01     4.06511450039699e+00     8.089772e-08     7.76262680e+00
     2.7125761875e+01     4.04792674982328e+00     8.681976e-08     7.75013950e+00
     2.6925761875e+01     4.03051412536250e+00     9.591018e-08     7.73766086e+00
     2.6725761875e+01     4.01287113772839e+00     5.984356e-08     7.72520340e+00
     2.6525761875e+01     3.99499212217567e+00     6.662495e-08     7.71278171e+00
     2.6325761875e+01     3.97687119229465e+00     7.559898e-08     7.70041216e+00
     2.6125761875e+01     3.95850225170974e+00     8.432097e-08     7.68811361e+00
     2.5925761875e+01     3.93987897647665e+00     9.274647e-08     7.67590783e+00
     2.5725761875e+01     3.92099479823983e+00     6.259793e-08     7.66381990e+00
     2.5525761875e+01     3.90184289229257e+00     6.508502e-08     7.65187902e+00
     2.5325761875e+01     3.88241615472038e+00     8.736789e-08     7.64011914e+00
     2.5125761875e+01     3.86270718286369e+00     6.441775e-08     7.62858013e+00
     2.4925761875e+01     3.84270825986959e+00     8.160631e-08     7.61730892e+00
     2.4725761875e+01     3.82241131896770e+00     9.868605e-08     7.60636132e+00
     2.4525761875e+01     3.80180791518909e+00     4.808736e-08     7.59580412e+00
     2.4325761875e+01     3.78088920953332e+00     9.057588e-08     7.58571788e+00
     2.4125761875e+01     3.75964589496009e+00     7.347730e-08     7.57620087e+00
     2.3925761875e+01     3.73806818748886e+00     9.366086e-08     7.56737429e+00
     2.3725761875e+01     3.71614574713090e+00     5.335619e-08     7.55938957e+00
     2.3525761875e+01     3.69386763440494e+00     6.716270e-08     7.55243909e+00
     2.3325761875e+01     3.67122223188275e+00     8.658220e-08     7.54677157e+00
     2.3125761875e+01     3.64819717533542e+00     6.693983e-08     7.54271606e+00
     2.2925761875e+01     3.62477927899976e+00     8.762543e-08     7.54071990e+00
     2.2725761875e+01     3.60095449606554e+00     5.753794e-08     7.54141279e+00
     2.2525761875e+01     3.57670797226022e+00     7.176901e-08     7.54572183e+00
     2.2325761875e+01     3.55202440606590e+00     7.946078e-08     7.55509676e+00
     2.2125761875e+01     3.52688940950796e+00     7.391620e-08     7.57200914e+00
     2.1925761875e+01     3.50129459289513e+00     3.132442e-08     7.60127758e+00
     2.1725761875e+01     3.47526175077756e+00     2.763520e-08     7.65490496e+00
     2.1525761875e+01     3.44911325012167e+00     2.377105e-08     7.79419136e+00
