

          chiN                fHelmholtz              error          cell param1          cell param2          cell param3
-----------------------------------------------------------------------------------------------------------------------------------

     3.4500000000e+01     4.94351068961762e+00     5.872765e-07     1.06791891e+01
     3.3950000000e+01     4.91733821875423e+00     7.360128e-07     1.06442746e+01
     3.3345000000e+01     4.88779106493545e+00     7.873796e-07     1.06049057e+01
     3.2679500000e+01     4.85432352949091e+00     6.356963e-07     1.05603669e+01
     3.1947450000e+01     4.81627038397464e+00     6.710082e-07     1.05097853e+01
     3.1142195000e+01     4.77281120582285e+00     8.296117e-07     1.04520848e+01
     3.0256414500e+01     4.72292076768522e+00     8.000607e-07     1.03859214e+01
     2.9282055950e+01     4.66529859325275e+00     7.539445e-07     1.03095923e+01
     2.8282055950e+01     4.60288422642088e+00     8.835377e-07     1.02270220e+01
     2.7282055950e+01     4.53680715168648e+00     7.573382e-07     1.01397480e+01
     2.6282055950e+01     4.46666989862829e+00     5.197817e-07     1.00473210e+01
     2.5282055950e+01     4.39201495020379e+00     7.610952e-07     9.94927279e+00
     2.5000000000e+01     4.37007041688418e+00     9.505821e-07     9.92053645e+00

          chiN                fHelmholtz              error          cell param1          cell param2          cell param3
-----------------------------------------------------------------------------------------------------------------------------------

