

        chiN               fHelmholtz                 U                     SA                     SB              error      cell param1     cell param2     cell param3
------------------------------------------------------------------------------------------------------------------------------------------------------------------------------------------------
   3.0000000000e+01   4.70804549553587e+00   1.78839926010796e+00   7.57578583910401e-01   2.16206765151751e+00   8.44e-08   1.03662076e+01
   3.0100000000e+01   4.71387064615859e+00   1.78528213143018e+00   7.63071898317109e-01   2.16551661641130e+00   9.94e-08   1.03739266e+01
   3.0211000000e+01   4.72030073688159e+00   1.78185413544854e+00   7.69124222265436e-01   2.16932237916762e+00   3.52e-08   1.03824483e+01
   3.0334210000e+01   4.72739445809584e+00   1.77808812626899e+00   7.75787079625979e-01   2.17351925220087e+00   3.89e-08   1.03918509e+01
   3.0470973100e+01   4.73521529770420e+00   1.77395546854125e+00   7.83115568146213e-01   2.17814426101674e+00   4.25e-08   1.04022189e+01
   3.0622780141e+01   4.74383173647750e+00   1.76942618613286e+00   7.91168297330968e-01   2.18323725301367e+00   4.57e-08   1.04136438e+01
   3.0791285957e+01   4.75331740771077e+00   1.76446917118256e+00   8.00007276189047e-01   2.18884096033916e+00   5.32e-08   1.04262237e+01
   3.0978327412e+01   4.76375120789994e+00   1.75905248345003e+00   8.09697693406314e-01   2.19500103104359e+00   7.13e-08   1.04400642e+01
   3.1000000000e+01   4.76495377138929e+00   1.75843061021428e+00   8.10812394679042e-01   2.19571076649597e+00   8.19e-08   1.04416596e+01
