
          chiN                fHelmholtz              error          cell param1          cell param2          cell param3
-----------------------------------------------------------------------------------------------------------------------------------

     3.9900000000e+01     5.17121371495095e+00     8.777180e-07     1.09853416e+01
     3.9790000000e+01     5.16702940407075e+00     8.064495e-07     1.09796662e+01
     3.9669000000e+01     5.16240763285791e+00     9.798891e-07     1.09733998e+01
     3.9535900000e+01     5.15730044926357e+00     7.612136e-07     1.09664805e+01
     3.9389490000e+01     5.15165415691393e+00     9.929498e-07     1.09588305e+01
     3.9228439000e+01     5.14540849864239e+00     7.655434e-07     1.09503750e+01
     3.9051282900e+01     5.13849573452966e+00     9.767354e-07     1.09410218e+01
     3.8856411190e+01     5.13083952761388e+00     6.021883e-07     1.09306700e+01
     3.8642052309e+01     5.12235364106024e+00     9.351488e-07     1.09192035e+01
     3.8406257540e+01     5.11294037903205e+00     7.592850e-07     1.09064938e+01
     3.8146883294e+01     5.10248872341282e+00     7.987438e-07     1.08923929e+01
     3.7861571623e+01     5.09087208509418e+00     8.140683e-07     1.08767348e+01
     3.7547728786e+01     5.07794556587022e+00     9.333643e-07     1.08593280e+01
     3.7202501664e+01     5.06354260830493e+00     7.789551e-07     1.08399533e+01
     3.6822751831e+01     5.04747085910914e+00     8.491916e-07     1.08183564e+01
     3.6405027014e+01     5.02950700172059e+00     8.609578e-07     1.07942451e+01
     3.5945529715e+01     5.00939026451237e+00     4.036086e-07     1.07672795e+01
     3.5440082687e+01     4.98681416415648e+00     5.292893e-07     1.07370547e+01
     3.4884090955e+01     4.96141584208343e+00     8.900117e-07     1.07031002e+01
     3.4272500051e+01     4.93276225266340e+00     6.268012e-07     1.06648459e+01
     3.3599750056e+01     4.90033182704535e+00     9.424246e-07     1.06216098e+01
     3.2859725061e+01     4.86348999637008e+00     8.354209e-07     1.05725617e+01
     3.2045697567e+01     4.82145580055862e+00     7.064218e-07     1.05166738e+01
     3.1150267324e+01     4.77325557862342e+00     4.715154e-07     1.04526754e+01
     3.0165294057e+01     4.71765759184972e+00     8.061362e-07     1.03789483e+01
     2.9165294057e+01     4.65818819137472e+00     4.540397e-07     1.03001800e+01
     2.8165294057e+01     4.59536495724998e+00     5.307777e-07     1.02170838e+01
     2.7165294057e+01     4.52883535900168e+00     6.107483e-07     1.01292307e+01
     2.6165294057e+01     4.45819546222239e+00     5.466987e-07     1.00361704e+01
     2.5165294057e+01     4.38298002229827e+00     8.081166e-07     9.93743468e+00
     2.4165294057e+01     4.30265019922550e+00     8.357864e-07     9.83255434e+00
     2.3165294057e+01     4.21657830129650e+00     9.944706e-07     9.72108758e+00
     2.2165294057e+01     4.12402837101577e+00     8.140755e-07     9.60268500e+00
     2.1165294057e+01     4.02413116450378e+00     9.326247e-07     9.47716929e+00
     2.0165294057e+01     3.91585106320266e+00     3.362749e-07     9.34473971e+00
     1.9165294057e+01     3.79793996097847e+00     6.348233e-07     9.20632485e+00
     1.8165294057e+01     3.66886765715869e+00     8.120298e-07     9.06444384e+00
     1.7165294057e+01     3.52669838589470e+00     1.826826e-07     8.92559039e+00
     1.6165294057e+01     3.36879217886567e+00     5.767670e-07     8.80996740e+00
     1.5165294057e+01     3.19012900883782e+00     8.734909e-07     8.93315988e+00

          chiN                fHelmholtz              error          cell param1          cell param2          cell param3
-----------------------------------------------------------------------------------------------------------------------------------

     3.9900000000e+01     5.17121371495095e+00     8.777180e-07     1.09853416e+01
     3.9790000000e+01     5.16702940407075e+00     8.064495e-07     1.09796662e+01
     3.9669000000e+01     5.16240763285791e+00     9.798891e-07     1.09733998e+01
     3.9535900000e+01     5.15730044926357e+00     7.612136e-07     1.09664805e+01
     3.9389490000e+01     5.15165415691393e+00     9.929498e-07     1.09588305e+01
     3.9228439000e+01     5.14540849864239e+00     7.655434e-07     1.09503750e+01
     3.9051282900e+01     5.13849573452966e+00     9.767354e-07     1.09410218e+01
     3.8856411190e+01     5.13083952761388e+00     6.021883e-07     1.09306700e+01
     3.8642052309e+01     5.12235364106024e+00     9.351488e-07     1.09192035e+01
     3.8406257540e+01     5.11294037903205e+00     7.592850e-07     1.09064938e+01
     3.8146883294e+01     5.10248872341282e+00     7.987438e-07     1.08923929e+01
     3.7861571623e+01     5.09087208509418e+00     8.140683e-07     1.08767348e+01
     3.7547728786e+01     5.07794556587022e+00     9.333643e-07     1.08593280e+01
     3.7202501664e+01     5.06354260830493e+00     7.789551e-07     1.08399533e+01
     3.6822751831e+01     5.04747085910914e+00     8.491916e-07     1.08183564e+01
     3.6405027014e+01     5.02950700172059e+00     8.609578e-07     1.07942451e+01
     3.5945529715e+01     5.00939026451237e+00     4.036086e-07     1.07672795e+01
     3.5440082687e+01     4.98681416415648e+00     5.292893e-07     1.07370547e+01
     3.4884090955e+01     4.96141584208343e+00     8.900117e-07     1.07031002e+01
     3.4272500051e+01     4.93276225266340e+00     6.268012e-07     1.06648459e+01
