
        chiN               fHelmholtz                 U                     SA                     SB              error      cell param1     cell param2     cell param3
------------------------------------------------------------------------------------------------------------------------------------------------------------------------------------------------

   2.9500000000e+01   4.65793589852815e+00   1.87237075576497e+00   5.22977900030453e-01   2.26258724273274e+00   9.38e-07   8.47198209e+00
   2.9000000000e+01   4.62642157045682e+00   1.88458929400411e+00   5.00568964838621e-01   2.24126331161410e+00   2.64e-07   8.43135214e+00
   2.8500000000e+01   4.59411341918114e+00   1.89754162856638e+00   4.77203771222549e-01   2.21936801939221e+00   8.95e-07   8.38963800e+00
   2.8000000000e+01   4.56097040245800e+00   1.91126914969803e+00   4.52827147270759e-01   2.19687410548921e+00   6.89e-07   8.34678864e+00
   2.7500000000e+01   4.52694851105517e+00   1.92581577785976e+00   4.27380056721655e-01   2.17375267647376e+00   7.34e-07   8.30275165e+00
   2.7000000000e+01   4.49200046939393e+00   1.94122819667709e+00   4.00799252569426e-01   2.14997302014742e+00   5.61e-07   8.25747203e+00
   2.6500000000e+01   4.45607546986513e+00   1.95755592680726e+00   3.73017012213199e-01   2.12550253084467e+00   4.87e-07   8.21089280e+00
   2.6000000000e+01   4.41911883555579e+00   1.97485141016054e+00   3.43960855770432e-01   2.10030656962483e+00   3.60e-07   8.16295505e+00
   2.5500000000e+01   4.38107166846711e+00   1.99317007327132e+00   3.13553244490260e-01   2.07434835070553e+00   3.01e-07   8.11359823e+00
   2.5000000000e+01   4.34187045309654e+00   2.01257036050066e+00   2.81711278307256e-01   2.04758881428862e+00   3.61e-07   8.06276052e+00
   2.4500000000e+01   4.30144662716334e+00   2.03311373281914e+00   2.48346382623171e-01   2.01998651172104e+00   3.71e-07   8.01037942e+00
   2.4000000000e+01   4.25972609439932e+00   2.05486462783430e+00   2.13363984820859e-01   1.99149748174416e+00   4.70e-07   7.95639243e+00
   2.3500000000e+01   4.21662871575231e+00   2.07789038094201e+00   1.76663158195756e-01   1.96207517661454e+00   4.93e-07   7.90073828e+00
   2.3000000000e+01   4.17206769585775e+00   2.10226109413209e+00   1.38136263774995e-01   1.93167033795067e+00   9.03e-07   7.84335778e+00
   2.2500000000e+01   4.12594900268207e+00   2.12804945510537e+00   9.76684988065353e-02   1.90023104877016e+00   9.92e-07   7.78419681e+00
   2.2000000000e+01   4.07817060258671e+00   2.15533056317894e+00   5.51373832070028e-02   1.86770265620077e+00   5.32e-07   7.72320759e+00
   2.1500000000e+01   4.02862164504823e+00   2.18418165830317e+00   1.04121915870388e-02   1.83402779515802e+00   3.92e-07   7.66035175e+00
   2.1000000000e+01   3.97718168190241e+00   2.21468205269254e+00  -3.66470956085050e-02   1.79914672481837e+00   3.14e-07   7.59560613e+00
   2.0500000000e+01   3.92371962613852e+00   2.24691317926838e+00  -8.61910972025210e-02   1.76299754407266e+00   3.24e-07   7.52896781e+00
   2.0000000000e+01   3.86809261476055e+00   2.28095904732905e+00  -1.38383100166712e-01   1.72551666759822e+00   9.54e-07   7.46046186e+00
   1.9500000000e+01   3.81014490127380e+00   2.31690812615301e+00  -1.93403056791166e-01   1.68663983191196e+00   6.40e-07   7.39015445e+00
   1.9000000000e+01   3.74970611547560e+00   2.35485627678369e+00  -2.51453051400029e-01   1.64630289009194e+00   5.28e-07   7.31816587e+00
   1.8500000000e+01   3.68658957952263e+00   2.39491428797092e+00  -3.12768377410029e-01   1.60444366896174e+00   1.71e-07   7.24469538e+00
   1.8000000000e+01   3.62058988435102e+00   2.43722259491202e+00  -3.77636806753623e-01   1.56100409619262e+00   1.00e-06   7.17005475e+00
   1.7500000000e+01   3.55147960821366e+00   2.48198216192553e+00  -4.46435860736323e-01   1.51593330702445e+00   6.01e-07   7.09472370e+00
   1.7000000000e+01   3.47900411772000e+00   2.52952014972589e+00  -5.19707225190501e-01   1.46919119318461e+00   9.45e-07   7.01944125e+00
   1.6500000000e+01   3.40287253158299e+00   2.58044188168124e+00  -5.98321638663164e-01   1.42075228856492e+00   4.08e-07   6.94537818e+00
   1.6000000000e+01   3.32273957739059e+00   2.63603085775964e+00  -6.83897615358556e-01   1.37060633498950e+00   3.83e-07   6.87450320e+00
   1.5500000000e+01   3.23816047186906e+00   2.69956436001293e+00  -7.80140308586595e-01   1.31873642044273e+00   7.39e-07   6.81054846e+00
   1.5000000000e+01   3.14843144728033e+00   2.78348298633869e+00  -8.99962902081942e-01   1.26491136302358e+00   6.76e-07   6.76281607e+00

        chiN               fHelmholtz                 U                     SA                     SB              error      cell param1     cell param2     cell param3
------------------------------------------------------------------------------------------------------------------------------------------------------------------------------------------------

   2.9500000000e+01   4.65793589852815e+00   1.87237075576497e+00   5.22977900030453e-01   2.26258724273274e+00   9.38e-07   8.47198209e+00
   2.9000000000e+01   4.62642157045682e+00   1.88458929400411e+00   5.00568964838621e-01   2.24126331161410e+00   2.64e-07   8.43135214e+00
   2.8500000000e+01   4.59411341918114e+00   1.89754162856638e+00   4.77203771222549e-01   2.21936801939221e+00   8.95e-07   8.38963800e+00
   2.8000000000e+01   4.56097040245800e+00   1.91126914969803e+00   4.52827147270759e-01   2.19687410548921e+00   6.89e-07   8.34678864e+00
   2.7500000000e+01   4.52694851105517e+00   1.92581577785976e+00   4.27380056721655e-01   2.17375267647376e+00   7.34e-07   8.30275165e+00
   2.7000000000e+01   4.49200046939393e+00   1.94122819667709e+00   4.00799252569426e-01   2.14997302014742e+00   5.61e-07   8.25747203e+00
   2.6500000000e+01   4.45607546986513e+00   1.95755592680726e+00   3.73017012213199e-01   2.12550253084467e+00   4.87e-07   8.21089280e+00
   2.6000000000e+01   4.41911883555579e+00   1.97485141016054e+00   3.43960855770432e-01   2.10030656962483e+00   3.60e-07   8.16295505e+00
   2.5500000000e+01   4.38107166846711e+00   1.99317007327132e+00   3.13553244490260e-01   2.07434835070553e+00   3.01e-07   8.11359823e+00
   2.5000000000e+01   4.34187045309654e+00   2.01257036050066e+00   2.81711278307256e-01   2.04758881428862e+00   3.61e-07   8.06276052e+00
   2.4500000000e+01   4.30144662716334e+00   2.03311373281914e+00   2.48346382623171e-01   2.01998651172104e+00   3.71e-07   8.01037942e+00
   2.4000000000e+01   4.25972609439932e+00   2.05486462783430e+00   2.13363984820859e-01   1.99149748174416e+00   4.70e-07   7.95639243e+00
