
        chiN               fHelmholtz                 U                     SA                     SB              error      cell param1     cell param2     cell param3
------------------------------------------------------------------------------------------------------------------------------------------------------------------------------------------------
   2.0000000000e+01   3.86809262768075e+00   2.28095909616326e+00  -1.38383166514456e-01   1.72551669803195e+00   9.01e-07   7.46046208e+00
   2.0500000000e+01   3.92371964347056e+00   2.24691322286493e+00  -8.61911291930992e-02   1.76299754979873e+00   7.03e-07   7.52896781e+00
   2.1000000000e+01   3.97718169300470e+00   2.21468206455543e+00  -3.66471171420728e-02   1.79914674559135e+00   9.17e-07   7.59560633e+00
   2.1500000000e+01   4.02862166349428e+00   2.18418168091522e+00   1.04121575966720e-02   1.83402782498238e+00   4.03e-07   7.66035200e+00
   2.2000000000e+01   4.07817061126792e+00   2.15533053538640e+00   5.51373774503936e-02   1.86770269843113e+00   9.67e-07   7.72320809e+00
   2.2500000000e+01   4.12594903114547e+00   2.12804942857900e+00   9.76684829684273e-02   1.90023111959804e+00   9.17e-07   7.78419764e+00
   2.3000000000e+01   4.17206772568027e+00   2.10226106363269e+00   1.38136261260695e-01   1.93167040078689e+00   7.58e-07   7.84335858e+00
   2.3500000000e+01   4.21662873503871e+00   2.07789035228071e+00   1.76663170840273e-01   1.96207521191773e+00   5.11e-07   7.90073881e+00
   2.4000000000e+01   4.25972611442984e+00   2.05486459854393e+00   2.13364004749436e-01   1.99149751113646e+00   5.09e-07   7.95639293e+00
   2.4500000000e+01   4.30144664480948e+00   2.03311370431399e+00   2.48346407007874e-01   2.01998653348762e+00   5.81e-07   8.01037986e+00
   2.5000000000e+01   4.34187047162836e+00   2.01257033934542e+00   2.81711295576524e-01   2.04758883670642e+00   7.24e-07   8.06276092e+00
   2.5500000000e+01   4.38107168508376e+00   1.99317005656087e+00   3.13553256389611e-01   2.07434837213328e+00   8.56e-07   8.11359858e+00
   2.6000000000e+01   4.41911884971448e+00   1.97485139568983e+00   3.43960865371964e-01   2.10030658865269e+00   7.29e-07   8.16295534e+00
   2.6500000000e+01   4.45607548102376e+00   1.95755591688587e+00   3.73017016847656e-01   2.12550254729024e+00   8.10e-07   8.21089302e+00
   2.7000000000e+01   4.49200047686966e+00   1.94122819204436e+00   4.00799251163459e-01   2.14997303366185e+00   7.91e-07   8.25747217e+00
   2.7500000000e+01   4.52694851414779e+00   1.92581577873055e+00   4.27380047181908e-01   2.17375268823533e+00   8.86e-07   8.30275172e+00
   2.8000000000e+01   4.56097040122450e+00   1.91126915602251e+00   4.52827131801894e-01   2.19687411340010e+00   5.22e-07   8.34678862e+00
   2.8500000000e+01   4.59411341331463e+00   1.89754163855087e+00   4.77203753493969e-01   2.21936802126979e+00   5.97e-07   8.38963789e+00
   2.9000000000e+01   4.62642157337891e+00   1.88458928634815e+00   5.00568967392671e-01   2.24126331963809e+00   6.42e-07   8.43135223e+00
   2.9500000000e+01   4.65793592862419e+00   1.87237077837826e+00   5.22977902884503e-01   2.26258724736142e+00   7.56e-07   8.47198220e+00
   3.0000000000e+01   4.68869478537407e+00   1.86084731245973e+00   5.44482027364848e-01   2.28336544554948e+00   7.06e-07   8.51157591e+00
   3.0500000000e+01   4.71873394455211e+00   1.84998246498949e+00   5.65129356053525e-01   2.30362212350909e+00   9.05e-07   8.55017951e+00
   3.1000000000e+01   4.74808688467832e+00   1.83974209041174e+00   5.84964722324164e-01   2.32338007194241e+00   6.15e-07   8.58783660e+00
   3.1500000000e+01   4.77678496356054e+00   1.83009414412263e+00   6.04029991964635e-01   2.34266082747327e+00   7.97e-07   8.62458902e+00
   3.2000000000e+01   4.80485756686631e+00   1.82100862666342e+00   6.22364247293468e-01   2.36148469290942e+00   3.92e-07   8.66047616e+00
   3.2500000000e+01   4.83233227621462e+00   1.81245738340097e+00   6.40004028336361e-01   2.37987086447728e+00   5.10e-07   8.69553573e+00
   3.3000000000e+01   4.85923499505916e+00   1.80441405369939e+00   6.56983469541966e-01   2.39783747181781e+00   6.66e-07   8.72980330e+00
   3.3500000000e+01   4.88559008134579e+00   1.79685391830020e+00   6.73334501339300e-01   2.41540166170629e+00   8.45e-07   8.76331265e+00
   3.4000000000e+01   4.91142045830554e+00   1.78975381555286e+00   6.89086987512108e-01   2.43257965524057e+00   3.30e-07   8.79609568e+00
   3.4500000000e+01   4.93674773099873e+00   1.78309196443575e+00   7.04268949824135e-01   2.44938681673884e+00   3.55e-07   8.82818303e+00
   3.5000000000e+01   4.96159226668260e+00   1.77684797065253e+00   7.18906598407649e-01   2.46583769762242e+00   3.89e-07   8.85960336e+00
   3.5500000000e+01   4.98597329295575e+00   1.77100267079098e+00   7.33024528120470e-01   2.48194609404430e+00   5.86e-07   8.89038392e+00
   3.6000000000e+01   5.00990897479923e+00   1.76553804770426e+00   7.46645841095487e-01   2.49772508599949e+00   8.36e-07   8.92055055e+00
   3.6500000000e+01   5.03341648507677e+00   1.76043719014882e+00   7.59792213310770e-01   2.51318708161718e+00   4.25e-07   8.95012749e+00
   3.7000000000e+01   5.05651209001139e+00   1.75568408168522e+00   7.72484121785136e-01   2.52834388654103e+00   5.10e-07   8.97913845e+00
   3.7500000000e+01   5.07921118547547e+00   1.75126371984632e+00   7.84740762281071e-01   2.54320670334808e+00   6.01e-07   9.00760522e+00
   3.8000000000e+01   5.10152837038150e+00   1.74716192656928e+00   7.96580255281526e-01   2.55778618853069e+00   6.96e-07   9.03554867e+00
   3.8500000000e+01   5.12347749542565e+00   1.74336531432736e+00   8.08019701452322e-01   2.57209247964597e+00   7.96e-07   9.06298862e+00
   3.9000000000e+01   5.14507171149708e+00   1.73986122872529e+00   8.19075255811969e-01   2.58613522695982e+00   9.00e-07   9.08994386e+00
   3.9500000000e+01   5.16632351180740e+00   1.73663772860185e+00   8.29762151402228e-01   2.59992363180332e+00   6.57e-07   9.11643198e+00
   4.0000000000e+01   5.18724478282767e+00   1.73368340924003e+00   8.40094934113250e-01   2.61346643947439e+00   6.82e-07   9.14247036e+00

        chiN               fHelmholtz                 U                     SA                     SB              error      cell param1     cell param2     cell param3
------------------------------------------------------------------------------------------------------------------------------------------------------------------------------------------------

   2.0500000000e+01   3.92372374590951e+00   2.24690912042592e+00  -8.61924316357865e-02   1.76300705711938e+00   7.03e-07   7.52896781e+00
   2.1000000000e+01   3.97718390050940e+00   2.21467985705074e+00  -3.66516209955461e-02   1.79915566445421e+00   9.17e-07   7.59560633e+00
