
          chiN                fHelmholtz              error          cell param1          cell param2          cell param3
-----------------------------------------------------------------------------------------------------------------------------------

     3.9900000000e+01     5.18274445246408e+00     8.326731e-11     9.13782665e+00
     3.9790000000e+01     5.17765021124108e+00     8.510677e-11     9.13272126e+00
     3.9669000000e+01     5.17202986325895e+00     9.700061e-11     9.12707845e+00
     3.9535900000e+01     5.16582713291658e+00     4.996088e-11     9.12083863e+00
     3.9389490000e+01     5.15897929111481e+00     5.827875e-11     9.11393487e+00
     3.9228439000e+01     5.15141631643542e+00     6.823648e-11     9.10629198e+00
     3.9051282900e+01     5.14305992449386e+00     8.017007e-11     9.09782521e+00
     3.8856411190e+01     5.13382243944130e+00     9.447057e-11     9.08843887e+00
     3.8642052309e+01     5.12360547518000e+00     3.958294e-11     9.07802461e+00
     3.8406257540e+01     5.11229838564691e+00     4.848795e-11     9.06645943e+00
     3.8146883294e+01     5.09977643238203e+00     5.955389e-11     9.05360325e+00
     3.7861571623e+01     5.08589860368484e+00     7.305354e-11     9.03929600e+00
     3.7547728786e+01     5.07050500004196e+00     8.913416e-11     9.02335410e+00
     3.7202501664e+01     5.05341367483552e+00     2.852125e-11     9.00556612e+00
     3.6822751831e+01     5.03441678404565e+00     3.479704e-11     8.98568750e+00
     3.6405027014e+01     5.01327584912831e+00     4.194490e-11     8.96343387e+00
     3.5945529715e+01     4.98971586941497e+00     5.014854e-11     8.93847283e+00
     3.5440082687e+01     4.96341792165835e+00     5.785489e-11     8.91041341e+00
     3.4884090955e+01     4.93400974337759e+00     6.316033e-11     8.87879261e+00
     3.4272500051e+01     4.90105358837583e+00     7.168212e-11     8.84305798e+00
     3.3599750056e+01     4.86403033104090e+00     9.662156e-11     8.80254475e+00
     3.2859725061e+01     4.82231831960990e+00     6.759949e-11     8.75644541e+00
     3.2045697567e+01     4.77516473424483e+00     5.677715e-11     8.70376866e+00
     3.1150267324e+01     4.72164601612538e+00     3.838707e-11     8.64328316e+00
     3.0165294057e+01     4.66061198153303e+00     6.333894e-11     8.57343921e+00
     2.9165294057e+01     4.59611207010151e+00     4.579790e-11     8.49868370e+00
     2.8165294057e+01     4.52880116065179e+00     5.826671e-11     8.41970606e+00
     2.7165294057e+01     4.45838282114824e+00     6.517432e-11     8.33611857e+00
     2.6165294057e+01     4.38451537046622e+00     7.276029e-11     8.24749227e+00
     2.5165294057e+01     4.30680331260018e+00     9.712816e-11     8.15335665e+00
     2.5000000000e+01     4.29355678831734e+00     9.494239e-11     8.13723112e+00

          chiN                fHelmholtz              error          cell param1          cell param2          cell param3
-----------------------------------------------------------------------------------------------------------------------------------

