
          eps                 fHelmholtz              error          cell param1          cell param2          cell param3
-----------------------------------------------------------------------------------------------------------------------------------

     1.9000000000e+00     3.84177877471374e+00     1.539892e-11     6.23668288e+00
     1.7900000000e+00     3.83726077539727e+00     9.253601e-11     6.09744813e+00
     1.6690000000e+00     3.83301333859460e+00     5.080662e-11     5.94166180e+00
     1.5359000000e+00     3.82951921946687e+00     5.368073e-12     5.76691717e+00
     1.3894900000e+00     3.82760970162223e+00     1.277238e-11     5.57020315e+00
     1.2284390000e+00     3.82873012281124e+00     6.864181e-12     5.34765302e+00
     1.0512829000e+00     3.83545329959645e+00     3.146068e-11     5.09446318e+00
     1.0000000000e+00     3.83880141876027e+00     9.209464e-11     5.01950023e+00


1.0000000000E+00	3.8388014188E+00
1.0512829000E+00	3.8354532996E+00
1.2284390000E+00	3.8287301228E+00
1.3894900000E+00	3.8276097016E+00
1.5359000000E+00	3.8295192195E+00
1.6690000000E+00	3.8330133386E+00
1.7900000000E+00	3.8372607754E+00
1.9000000000E+00	3.8417787747E+00